Step,TotalNumber,Age,Education,Province
1,431,27.728538283062644,8.526682134570766,
2,431,27.728538283062644,8.526682134570766,
3,431,27.728538283062644,8.526682134570766,
4,431,27.728538283062644,8.526682134570766,
5,431,27.728538283062644,8.526682134570766,
6,431,27.728538283062644,8.526682134570766,
7,431,27.728538283062644,8.526682134570766,
8,458,27.685589519650655,8.486899563318778,
9,522,27.71264367816092,8.477011494252874,
10,612,27.784313725490197,8.395424836601308,
11,734,27.888283378746593,8.401907356948229,
12,854,27.81967213114754,8.38407494145199,
13,1001,28.907092907092906,8.325674325674326,
14,1190,28.598319327731094,8.303361344537816,
15,1387,28.536409516943042,8.254506128334535,
16,1570,28.58407643312102,8.230573248407643,
17,1784,28.631165919282513,8.239910313901346,
18,2013,28.706905116741183,8.22106308991555,
19,2246,28.716829919857524,8.199020480854854,
20,2551,28.76479811838495,8.183849470795767,
21,2845,28.857293497363795,8.170474516695958,
22,3141,28.840178287169692,8.178605539637058,
23,3457,28.900202487706103,8.170668209430142,
24,3826,28.91270256142185,8.168060637741767,
25,4205,29.906302021403093,8.14910820451843,
26,4770,29.345073375262054,8.172955974842766,
27,5199,29.309867282169648,8.160800153875746,
28,5649,29.283412993450167,8.15436360417773,
29,6110,29.26873977086743,8.151227495908348,
30,6580,29.24711246200608,8.151671732522797,
31,7062,29.21268762390258,8.155480033984707,
32,7580,29.218205804749342,8.154221635883905,
33,8109,29.201627820939695,8.143420890368725,
34,8671,29.232037827240227,8.141506169991928,
35,9237,29.241203854065173,8.143444841398722,
36,9778,29.25741460421354,8.143587645735325,
37,10382,30.25977653631285,8.135137738393373,
38,11296,29.85331090651558,8.147131728045325,
39,11946,29.876695128076342,8.145990289636698,
40,12619,29.883667485537682,8.147634519375545,
41,13327,29.88444511142793,8.147820214601936,
42,14010,29.891434689507495,8.146038543897216,
43,14746,29.875830733758306,8.152583751525837,
44,15508,29.85929842661852,8.154887799845241,
45,16292,29.847716670758654,8.159342008347656,
46,17113,29.867118564833753,8.155612692105416,
47,17947,29.874073661336155,8.157463642948683,
48,18739,29.862425956561182,8.162121778109825,
49,19562,30.871076577037112,8.164707085165116,
50,20897,30.48504570033976,8.163994831794037,
51,21815,30.485720834288333,8.162548705019482,
52,22765,30.479464089611245,8.15941137711399,
53,23697,30.45950964257079,8.161666033675148,
54,24703,30.465935311500626,8.162126057563858,
55,25728,30.465018656716417,8.158620957711443,
56,26731,30.474505256069733,8.157158355467434,
57,27736,30.458393423709257,8.156186905105278,
58,28766,30.454390600013905,8.158381422512688,
59,29798,30.45821867239412,8.158769044902343,
60,30906,30.466576069371644,8.157930498932247,
