movedByPro,12,1,22,13,28,19,20,24,21,3,8,16,17,18,10,14,7,6,5,30,29,27,15,9,4,23,2,31,26,25,11,
431,19,0,18,19,9,46,33,5,0,7,4,21,26,33,22,16,4,2,6,0,0,9,17,0,4,64,0,2,0,6,39,
431,19,0,18,19,9,46,33,5,0,7,4,21,26,33,22,16,4,2,6,0,0,9,17,0,4,64,0,2,0,6,39,
431,19,0,18,19,9,46,33,5,0,7,4,21,26,33,22,16,4,2,6,0,0,9,17,0,4,64,0,2,0,6,39,
431,19,0,18,19,9,46,33,5,0,7,4,21,26,33,22,16,4,2,6,0,0,9,17,0,4,64,0,2,0,6,39,
431,19,0,18,19,9,46,33,5,0,7,4,21,26,33,22,16,4,2,6,0,0,9,17,0,4,64,0,2,0,6,39,
431,19,0,18,19,9,46,33,5,0,7,4,21,26,33,22,16,4,2,6,0,0,9,17,0,4,64,0,2,0,6,39,
431,19,0,18,19,9,46,33,5,0,7,4,21,26,33,22,16,4,2,6,0,0,9,17,0,4,64,0,2,0,6,39,
431,19,0,18,19,9,46,33,5,0,7,4,21,26,33,22,16,4,2,6,0,0,9,17,0,4,64,0,2,0,6,39,
441,19,1,19,19,9,48,33,5,1,8,4,21,27,33,23,16,4,2,6,0,0,9,17,0,4,66,0,2,0,6,39,
529,20,11,23,24,10,65,34,5,2,8,6,22,27,34,32,18,6,4,7,1,0,9,30,7,5,66,4,3,0,6,40,
629,20,18,24,30,11,78,36,6,6,10,7,24,28,35,41,19,8,8,9,3,1,11,36,18,6,67,7,4,3,9,46,
748,22,23,24,35,12,93,40,7,8,12,9,30,29,39,51,20,10,12,9,5,1,13,46,37,7,71,13,4,3,13,50,
887,25,33,25,46,15,124,41,11,12,16,13,32,33,40,62,20,13,13,11,7,2,13,49,50,8,71,21,7,7,14,53,
1092,31,53,29,56,15,159,46,15,14,23,14,43,35,43,81,24,16,19,13,8,3,15,69,66,9,74,28,8,10,15,58,
1298,35,62,31,66,17,205,51,19,20,25,15,51,38,45,103,27,17,23,16,9,3,21,82,83,14,77,34,11,13,17,68,
1516,36,81,36,75,21,252,54,22,20,29,17,63,42,48,125,28,19,26,19,10,3,23,99,113,16,80,38,16,14,19,72,
1739,36,100,40,88,24,295,55,24,25,33,18,67,45,54,154,28,23,31,22,12,6,27,117,132,17,90,45,17,16,21,77,
1985,39,113,44,104,27,341,59,25,29,39,20,74,50,56,177,30,27,37,22,15,8,34,132,162,24,94,56,21,16,25,85,
2268,43,142,48,121,29,393,61,28,36,42,25,80,55,59,209,34,36,46,24,15,10,40,146,185,28,96,69,24,18,31,95,
2529,49,163,51,132,30,442,64,30,40,47,31,84,62,64,240,36,42,52,28,18,14,44,165,205,31,102,80,24,19,32,108,
2863,54,187,57,150,36,493,72,36,47,57,37,95,64,69,285,40,47,68,30,22,17,50,185,237,33,107,91,25,21,37,114,
3190,60,216,62,163,41,554,80,40,58,67,40,102,71,70,305,45,53,74,34,24,22,54,211,274,33,112,104,29,21,41,130,
3545,67,242,69,179,41,616,87,41,68,75,45,115,81,75,331,48,60,82,39,26,25,59,246,307,35,125,122,35,23,43,138,
3911,73,265,78,195,44,678,97,45,74,83,50,124,90,82,365,51,71,100,44,28,27,64,267,347,41,131,138,39,24,45,151,
4191,73,282,84,214,47,727,104,46,88,92,54,126,93,85,393,54,81,108,46,31,32,71,286,381,47,134,137,43,27,50,155,
4762,79,316,99,244,52,827,114,51,103,107,64,139,99,93,453,62,92,122,56,38,36,77,326,436,60,144,156,48,31,59,179,
5204,84,354,101,264,53,919,126,52,108,115,74,150,106,100,486,65,104,129,61,42,38,86,360,480,65,152,182,56,35,64,193,
5681,91,379,108,293,58,1003,133,55,128,127,79,166,115,108,535,69,120,141,63,45,40,91,390,531,72,167,197,60,37,70,210,
6187,103,413,112,319,61,1105,146,59,143,142,89,175,123,117,570,72,129,157,72,49,48,99,422,586,75,174,215,65,40,80,227,
6687,111,437,119,348,66,1216,156,66,150,153,95,192,130,121,620,75,138,171,81,55,54,106,451,637,77,184,239,68,47,85,239,
7211,115,470,121,380,70,1307,162,71,157,166,101,208,141,133,676,79,148,188,88,61,59,116,491,690,84,196,266,72,56,88,251,
7751,125,509,125,402,75,1388,169,74,163,180,108,228,149,142,730,88,158,202,98,66,64,125,526,762,89,202,295,78,63,96,272,
8288,130,558,133,429,80,1482,180,83,170,194,113,242,157,150,780,100,166,218,111,70,68,137,556,812,95,217,323,82,70,98,284,
8857,142,606,137,454,88,1567,190,88,180,213,126,258,173,163,839,106,174,233,115,78,74,148,591,871,108,226,344,89,75,102,299,
9460,148,642,143,483,96,1671,201,94,194,222,133,281,186,176,920,118,194,253,121,82,80,162,622,924,114,234,370,91,76,106,323,
10077,155,681,150,507,106,1788,212,99,202,236,140,300,192,189,977,125,203,275,128,89,85,174,671,996,119,250,400,96,84,114,334,
10441,157,704,153,543,114,1857,215,102,209,246,141,303,206,200,1005,127,209,288,134,90,87,184,684,1043,123,253,418,98,91,119,338,
11470,166,789,171,590,124,2041,237,118,229,279,159,327,238,211,1103,152,224,315,142,100,95,201,750,1133,138,268,473,106,97,126,368,
12127,174,844,180,615,130,2158,258,121,246,296,175,354,250,217,1166,160,240,340,145,106,98,211,778,1199,152,275,504,111,106,134,384,
12839,180,908,190,655,135,2287,273,131,266,321,185,366,266,228,1231,167,253,362,154,113,104,223,816,1261,162,292,535,118,111,144,402,
13549,186,978,196,700,141,2403,285,135,284,340,204,380,285,244,1296,176,264,382,159,118,111,228,859,1328,168,309,576,125,115,150,424,
14296,202,1028,203,727,151,2541,298,143,297,361,213,406,299,258,1362,188,282,403,164,124,118,239,899,1417,178,319,614,129,121,164,448,
15111,221,1089,212,757,160,2677,306,153,319,381,232,433,319,270,1441,200,299,420,174,130,130,254,949,1506,190,333,649,136,130,170,471,
15842,232,1139,220,795,172,2801,321,158,333,406,252,461,334,287,1512,210,316,442,178,136,140,265,993,1558,200,348,682,142,141,184,484,
16629,241,1187,233,827,180,2941,336,165,348,425,267,481,344,302,1604,220,339,456,187,144,147,283,1050,1648,208,366,713,147,146,192,502,
17472,254,1262,245,868,192,3086,351,171,367,446,293,506,363,311,1669,229,359,478,197,159,155,290,1085,1723,226,387,762,152,152,202,532,
18340,269,1323,258,895,201,3244,370,181,381,470,306,531,374,325,1769,241,375,508,209,169,160,302,1134,1805,237,400,814,163,156,210,560,
19233,280,1393,268,932,209,3402,394,189,401,508,315,560,389,336,1867,248,392,540,221,175,170,319,1180,1906,253,414,842,178,163,216,573,
19587,277,1437,272,955,219,3479,404,184,406,528,328,565,392,343,1896,248,392,539,218,182,173,320,1193,1955,260,422,842,184,166,224,584,
21019,298,1563,288,1015,237,3719,434,197,430,569,356,606,422,361,2046,263,421,567,238,194,183,344,1276,2096,279,457,923,196,174,245,622,
21924,311,1639,305,1050,249,3890,452,206,449,595,374,631,440,374,2132,279,434,594,245,206,196,351,1329,2173,296,473,963,205,181,253,649,
22892,324,1717,316,1090,257,4066,478,222,467,630,386,664,464,382,2230,292,458,614,251,211,202,369,1387,2278,307,492,992,212,188,265,681,
23891,338,1802,327,1136,275,4239,502,234,490,669,406,688,472,397,2344,304,470,641,260,219,204,394,1459,2360,325,506,1037,217,194,278,704,
24911,352,1892,340,1183,286,4432,518,244,507,695,426,710,489,412,2463,311,488,675,266,226,213,407,1519,2461,334,529,1087,223,198,292,733,
25939,365,1969,353,1244,298,4603,544,258,520,729,447,736,504,427,2578,326,506,706,275,235,224,422,1582,2558,342,556,1136,229,208,301,758,
26997,378,2059,368,1301,314,4785,565,265,538,754,472,775,524,447,2677,335,531,728,292,242,235,433,1655,2665,355,571,1180,233,214,309,797,
28043,395,2129,379,1335,321,4977,586,271,556,773,493,806,545,463,2800,354,559,760,302,248,245,456,1726,2759,371,592,1235,240,222,317,828,
29094,408,2224,392,1390,331,5141,613,277,576,798,513,835,575,480,2910,367,578,770,319,258,260,473,1782,2862,387,616,1293,249,229,327,861,
30218,426,2300,406,1438,342,5325,639,288,598,835,532,879,597,503,3037,378,604,796,331,267,268,489,1859,2975,396,634,1342,259,237,338,900,
31361,449,2396,416,1510,356,5528,659,299,618,867,550,910,617,515,3150,401,634,820,344,281,276,501,1929,3091,411,649,1388,265,244,350,937,
