Step,TotalNumber,Age,Education,Province
1,431,27.728538283062644,8.526682134570766,
2,431,27.728538283062644,8.526682134570766,
3,431,27.728538283062644,8.526682134570766,
4,431,27.728538283062644,8.526682134570766,
5,431,27.728538283062644,8.526682134570766,
6,431,27.728538283062644,8.526682134570766,
7,431,27.728538283062644,8.526682134570766,
8,444,27.786036036036037,8.50900900900901,
9,482,27.78423236514523,8.462655601659751,
10,528,27.732954545454547,8.462121212121213,
11,590,27.76101694915254,8.422033898305084,
12,665,27.88421052631579,8.4,
13,748,28.890374331550802,8.398395721925134,
14,850,28.6,8.40235294117647,
15,959,28.51616266944734,8.391032325338895,
16,1076,28.55111524163569,8.327137546468402,
17,1203,28.610972568578553,8.305901911886949,
18,1337,28.56619296933433,8.274495138369485,
19,1471,28.503059143439838,8.247450713800136,
20,1632,28.597426470588236,8.228553921568627,
21,1802,28.59544950055494,8.241953385127635,
22,1964,28.684826883910386,8.230142566191446,
23,2155,28.71415313225058,8.205568445475638,
24,2362,28.713801862828113,8.207027942421677,
25,2596,29.793528505392914,8.190677966101696,
26,2936,29.302111716621255,8.201294277929156,
27,3200,29.3278125,8.2128125,
28,3458,29.37912087912088,8.194042799305958,
29,3753,29.3994138022915,8.19664268585132,
30,4081,29.373437882871844,8.19774565057584,
31,4411,29.387213783722512,8.17841759238268,
32,4759,29.343349443160328,8.177978566925825,
33,5128,29.359009360374415,8.160296411856475,
34,5523,29.268332428028245,8.168386746333514,
35,5944,29.24899057873486,8.161843876177658,
36,6365,29.272427336999215,8.165121759622938,
37,6766,30.244014188590008,8.167898315104937,
38,7426,29.839752221922975,8.173848639913816,
39,7939,29.806650711676532,8.17231389343746,
40,8478,29.768813399386648,8.169497523000707,
41,9056,29.805101590106005,8.165304770318022,
42,9644,29.84197428452924,8.173994193280796,
43,10243,29.876793908034756,8.171238894855023,
44,10871,29.87370067151136,8.17008554870757,
45,11530,29.864614050303555,8.16764960971379,
46,12261,29.84332436179757,8.176331457466764,
47,12969,29.872002467422316,8.180661577608143,
48,13772,29.914899796688935,8.18232645948301,
49,14638,30.919661155895614,8.184724689165186,
50,16054,30.568767908309457,8.186495577426186,
51,17127,30.54580486950429,8.193845974192795,
52,18229,30.537934061111415,8.197761808107959,
53,19427,30.533690224944664,8.204200339733362,
54,20636,30.520740453576273,8.20716224074433,
55,21918,30.495756912127018,8.21402500228123,
56,23323,30.47613943317755,8.223727650816791,
57,24886,30.486860081973802,8.228883709716307,
58,26576,30.466473509933774,8.231223660445515,
59,28388,30.493307031139917,8.234077779343384,
60,30508,30.49944276910974,8.242755998426642,
