movedByPro,12,1,22,13,28,19,20,24,21,3,8,16,17,18,10,14,7,6,5,30,29,27,15,9,4,23,2,31,26,25,11,
437,19,0,18,19,9,47,33,5,0,7,4,21,26,33,23,16,5,2,6,0,1,9,18,0,4,64,0,2,0,6,40,
439,19,0,18,19,9,47,33,5,1,7,4,21,26,33,23,16,5,2,6,0,1,9,18,0,4,65,0,2,0,6,40,
439,19,0,18,19,9,47,33,5,1,7,4,21,26,33,23,16,5,2,6,0,1,9,18,0,4,65,0,2,0,6,40,
440,19,0,18,19,9,47,33,5,1,7,4,21,26,33,23,16,5,2,6,0,1,9,18,1,4,65,0,2,0,6,40,
441,19,0,18,19,9,47,33,5,1,7,4,21,26,33,23,16,5,2,6,0,1,9,18,1,4,65,1,2,0,6,40,
441,19,0,18,19,9,47,33,5,1,7,4,21,26,33,23,16,5,2,6,0,1,9,18,1,4,65,1,2,0,6,40,
442,19,0,18,19,9,47,34,5,1,7,4,21,26,33,23,16,5,2,6,0,1,9,18,1,4,65,1,2,0,6,40,
442,19,0,18,19,9,47,34,5,1,7,4,21,26,33,23,16,5,2,6,0,1,9,18,1,4,65,1,2,0,6,40,
447,19,4,18,19,9,48,34,5,1,7,4,21,26,33,23,16,5,2,6,0,1,9,18,1,4,65,1,2,0,6,40,
522,20,7,19,22,11,63,35,5,3,9,4,23,27,34,35,16,5,6,6,1,3,9,25,10,4,67,2,2,0,7,42,
612,21,19,19,26,11,71,37,7,4,10,7,24,29,36,46,18,10,9,7,2,6,10,29,13,5,70,6,4,1,10,45,
743,23,24,20,32,14,97,40,8,6,11,12,25,34,42,58,18,13,10,9,2,7,12,36,33,7,74,11,5,1,11,48,
881,24,31,20,40,16,121,42,9,5,16,17,32,39,43,69,21,17,12,9,2,7,12,47,47,10,76,21,7,4,14,51,
1088,27,47,25,52,17,156,50,13,9,25,23,39,40,44,84,23,20,18,10,4,8,13,61,66,13,83,28,9,8,17,56,
1292,29,59,27,63,23,193,52,13,17,27,29,43,44,45,100,26,26,21,13,4,9,17,78,82,15,91,38,14,8,20,66,
1487,31,70,32,70,24,235,60,13,19,31,34,48,46,48,117,27,31,23,14,6,13,18,89,107,17,100,48,17,9,22,68,
1734,33,87,36,88,25,278,63,14,26,34,38,53,51,55,136,30,35,29,17,9,15,24,111,131,18,108,58,20,11,26,75,
1957,36,99,39,98,29,321,69,16,31,36,41,62,57,57,159,33,37,36,20,11,16,28,122,159,21,115,63,23,14,29,80,
2222,43,121,40,115,30,373,72,18,33,44,47,68,62,58,187,37,47,47,22,12,18,31,139,178,24,122,73,28,14,32,87,
2495,49,135,43,126,32,419,84,20,39,51,50,79,67,61,219,40,52,56,26,15,19,34,152,205,26,129,84,29,16,36,102,
2829,55,153,50,139,36,469,90,23,47,58,57,93,78,64,246,46,62,63,30,15,26,38,175,245,35,140,96,29,17,39,115,
3140,66,175,50,154,39,528,100,27,55,63,64,99,82,70,265,48,65,68,32,18,28,42,201,276,37,145,113,33,19,46,132,
3501,71,196,55,170,42,593,107,29,61,78,70,121,91,75,291,52,74,76,36,18,33,46,222,317,42,155,129,40,21,52,138,
3867,79,221,61,183,46,651,116,36,67,88,74,132,96,84,322,57,82,85,39,22,35,51,259,349,45,167,148,44,25,57,146,
4138,80,245,66,192,49,694,121,41,74,93,79,145,105,88,353,63,90,97,42,26,36,59,274,372,46,172,153,44,30,61,148,
4706,91,282,80,214,59,787,129,52,80,110,90,163,112,103,400,75,105,108,50,31,41,64,309,429,50,193,172,48,38,72,169,
5119,97,310,84,232,64,865,136,52,90,122,100,182,124,117,433,77,115,115,52,36,48,76,330,458,57,207,189,51,40,78,182,
5568,108,334,87,249,70,936,148,60,96,129,107,202,136,131,475,87,126,126,56,38,53,87,368,496,63,213,209,53,45,88,192,
6058,116,360,96,272,76,1020,157,67,107,152,116,224,140,140,517,97,130,140,60,44,60,100,396,546,66,233,225,55,47,93,206,
6551,125,387,103,305,80,1093,172,75,115,170,119,244,150,152,556,101,147,149,70,53,64,108,444,579,74,248,239,58,51,104,216,
7041,130,415,110,326,85,1174,185,79,123,178,131,265,164,163,596,108,160,160,77,58,68,121,478,625,79,262,267,62,53,112,227,
7544,139,441,118,349,90,1239,196,90,128,199,135,287,173,175,634,112,174,180,84,61,76,131,517,680,83,274,286,71,55,125,242,
8103,144,468,125,371,99,1330,212,98,145,223,146,321,183,181,685,121,178,193,90,69,79,146,553,740,88,295,302,72,59,132,255,
8647,150,506,132,397,104,1410,231,104,153,234,158,346,193,194,733,130,192,211,94,72,83,157,584,789,99,317,320,75,62,145,272,
9251,157,548,137,412,109,1495,241,118,165,252,169,375,210,212,799,141,207,217,100,75,86,170,636,842,109,342,338,83,67,151,288,
9838,168,584,145,433,115,1600,261,126,170,265,173,415,222,229,844,152,218,236,104,78,93,174,678,893,113,368,351,89,73,165,303,
10115,169,592,151,445,122,1636,260,128,173,279,176,438,234,240,888,156,214,243,112,85,96,176,698,907,114,372,363,87,76,172,313,
11096,198,650,168,493,137,1765,286,133,189,305,191,499,269,257,977,168,236,267,127,95,104,196,766,974,129,407,396,99,85,189,341,
11740,211,688,176,520,147,1840,296,142,199,323,207,539,284,282,1044,179,251,290,132,103,108,209,811,1026,134,432,421,103,90,195,358,
12437,229,739,192,552,153,1932,316,150,214,344,218,587,306,295,1108,188,269,313,139,111,113,221,863,1071,146,453,435,106,94,207,373,
13128,244,783,206,571,161,2030,333,159,224,371,236,626,319,317,1163,198,276,334,144,114,116,234,911,1142,154,483,453,117,99,218,392,
13843,255,831,214,595,169,2135,351,168,235,397,245,689,336,341,1223,207,291,346,149,115,117,243,962,1205,163,506,489,123,100,229,414,
14613,272,872,222,625,180,2229,369,176,245,425,261,732,358,363,1290,218,305,366,162,117,120,260,1031,1266,173,534,513,133,112,244,440,
15388,293,911,233,653,188,2352,391,188,256,456,276,789,381,377,1361,225,319,388,174,126,127,269,1083,1317,183,559,536,140,118,258,461,
16139,312,963,244,690,202,2468,406,198,270,485,284,837,397,395,1429,235,330,401,180,134,131,277,1146,1377,188,585,557,149,123,266,480,
16963,327,1002,257,727,216,2580,423,214,284,507,303,899,415,426,1490,248,346,412,191,142,134,292,1198,1438,201,630,586,159,131,281,504,
17793,354,1044,265,756,229,2700,450,227,298,531,317,964,434,450,1556,260,363,429,201,154,139,300,1250,1510,211,666,614,162,138,295,526,
18621,369,1090,274,786,237,2802,478,235,310,577,328,1026,462,480,1621,272,378,445,212,163,154,308,1315,1570,226,700,633,170,144,314,542,
18926,388,1111,279,802,240,2805,478,238,320,599,335,1057,467,485,1647,282,382,459,214,163,154,309,1345,1573,233,718,642,169,150,333,549,
20256,432,1201,295,857,251,2969,507,261,342,663,359,1155,497,522,1756,306,409,483,227,173,169,334,1439,1656,253,770,688,181,159,362,580,
21125,453,1249,302,894,265,3099,522,274,354,698,378,1227,515,546,1826,315,422,501,237,180,179,351,1511,1701,266,813,713,188,164,371,611,
22077,474,1289,318,930,280,3216,539,292,372,741,397,1300,543,579,1899,336,437,518,245,186,186,376,1589,1757,281,864,739,196,167,399,632,
22977,496,1338,331,967,290,3329,566,305,380,783,412,1362,564,614,1986,355,447,540,253,195,189,391,1655,1819,295,898,772,203,173,419,650,
23955,531,1375,349,1004,303,3435,593,325,406,821,421,1446,592,643,2075,379,462,559,260,205,199,406,1730,1867,314,939,811,213,182,434,676,
24894,553,1419,363,1033,311,3527,610,341,424,870,440,1523,617,678,2160,390,478,580,266,215,209,424,1805,1934,327,991,829,225,195,455,702,
25903,573,1481,377,1062,322,3672,633,365,435,922,454,1618,646,710,2248,411,489,602,276,225,216,438,1879,1991,335,1029,856,234,200,477,727,
26928,601,1546,391,1090,328,3801,656,377,452,961,473,1700,666,741,2341,436,502,623,287,230,224,458,1952,2054,348,1070,902,244,209,506,759,
27920,633,1596,399,1127,343,3906,678,390,464,1006,496,1797,688,774,2420,460,521,644,301,238,231,474,2027,2119,358,1116,933,256,217,529,779,
28992,655,1649,415,1162,360,4031,718,406,475,1055,519,1894,727,811,2501,472,540,666,310,244,234,486,2126,2178,376,1172,963,268,224,547,808,
30126,696,1708,425,1196,373,4169,751,423,489,1100,532,1993,763,840,2598,489,556,686,325,257,244,511,2213,2234,394,1231,993,283,231,581,842,
30472,712,1705,433,1208,372,4178,766,419,499,1128,539,2067,770,871,2619,498,564,697,326,258,252,513,2237,2243,400,1249,998,290,239,586,836,
31642,741,1761,449,1246,385,4317,797,432,515,1192,562,2153,799,916,2713,519,584,730,338,267,258,538,2318,2308,415,1310,1045,309,249,611,865,
32768,775,1819,469,1280,399,4456,829,441,528,1233,591,2245,829,970,2791,533,604,759,349,276,270,559,2401,2372,434,1374,1080,321,255,643,883,
