movedByPro,12,1,22,13,28,19,20,24,21,3,8,16,17,18,10,14,7,6,5,30,29,27,15,9,4,23,2,31,26,25,11,
372,14,0,16,15,8,43,29,4,0,7,3,18,20,29,18,14,3,2,5,0,0,9,14,0,4,53,0,2,0,8,34,
372,14,0,16,15,8,43,29,4,0,7,3,18,20,29,18,14,3,2,5,0,0,9,14,0,4,53,0,2,0,8,34,
372,14,0,16,15,8,43,29,4,0,7,3,18,20,29,18,14,3,2,5,0,0,9,14,0,4,53,0,2,0,8,34,
372,14,0,16,15,8,43,29,4,0,7,3,18,20,29,18,14,3,2,5,0,0,9,14,0,4,53,0,2,0,8,34,
372,14,0,16,15,8,43,29,4,0,7,3,18,20,29,18,14,3,2,5,0,0,9,14,0,4,53,0,2,0,8,34,
372,14,0,16,15,8,43,29,4,0,7,3,18,20,29,18,14,3,2,5,0,0,9,14,0,4,53,0,2,0,8,34,
372,14,0,16,15,8,43,29,4,0,7,3,18,20,29,18,14,3,2,5,0,0,9,14,0,4,53,0,2,0,8,34,
372,14,0,16,15,8,43,29,4,0,7,3,18,20,29,18,14,3,2,5,0,0,9,14,0,4,53,0,2,0,8,34,
377,14,0,16,15,8,44,29,4,1,7,3,18,20,29,19,14,4,2,5,0,0,9,14,0,4,53,1,2,0,8,34,
450,14,4,17,19,8,58,30,4,1,9,3,22,21,30,32,14,4,3,5,1,0,10,20,10,4,54,4,2,1,9,37,
568,15,13,17,29,9,70,34,4,6,12,5,28,22,31,46,14,9,9,5,3,2,11,27,24,4,56,7,2,2,12,40,
702,18,22,19,34,11,93,37,4,10,16,7,36,26,33,60,15,14,12,8,3,3,13,36,34,5,59,11,3,2,14,44,
840,22,34,21,41,14,120,37,5,14,24,6,39,31,37,68,16,14,17,9,6,4,16,40,52,8,61,17,3,2,14,48,
1053,24,49,22,51,17,160,43,6,17,30,10,43,33,39,87,17,23,20,9,9,7,21,61,75,11,66,27,5,4,15,52,
1264,26,60,23,64,19,202,46,6,24,37,12,49,36,43,114,19,26,22,11,11,7,26,73,97,17,73,34,7,6,18,56,
1478,29,80,23,72,22,241,49,7,36,41,16,54,38,48,125,23,26,27,14,12,8,30,87,125,18,81,43,8,7,26,62,
1689,31,93,27,85,23,282,51,10,36,43,21,66,42,52,142,25,30,34,17,14,11,32,104,147,21,88,51,9,7,27,68,
1967,33,111,30,100,29,341,56,12,43,49,25,80,48,55,173,27,32,42,21,16,13,37,123,169,24,93,59,11,8,33,74,
2231,36,130,31,113,30,382,63,13,50,56,34,84,50,56,197,31,44,44,24,18,15,37,151,202,26,99,70,12,12,39,82,
2503,40,146,35,132,35,430,66,15,54,61,37,92,57,60,229,33,50,49,27,22,16,42,168,224,29,110,83,15,15,44,87,
2830,45,178,39,159,41,480,70,18,56,69,44,101,63,63,256,35,58,52,31,27,20,49,192,249,32,121,100,22,18,46,96,
3153,52,198,45,181,43,531,77,23,64,76,48,110,65,66,291,36,67,62,34,31,22,53,213,288,36,130,116,24,20,49,102,
3516,57,237,51,193,46,595,84,26,66,84,59,123,75,72,325,36,73,69,36,33,24,66,236,325,40,138,132,30,22,51,112,
3865,63,260,59,217,50,659,87,27,72,94,64,132,82,74,365,38,80,74,38,36,27,73,261,356,45,145,152,38,22,55,120,
4110,68,276,63,232,54,705,87,32,77,100,66,139,88,77,385,42,83,82,43,37,28,74,274,375,49,156,164,41,23,60,130,
4647,71,311,68,263,58,804,95,40,83,110,78,158,95,86,442,52,93,95,45,44,34,85,315,428,53,164,191,46,27,68,145,
5055,75,338,70,280,64,872,103,48,89,118,84,171,102,95,483,54,102,109,47,50,39,99,335,483,58,167,215,49,30,74,152,
5508,85,372,74,301,70,958,114,52,103,126,90,190,109,101,531,61,112,114,50,54,42,106,363,524,66,179,226,56,35,77,167,
5974,92,404,78,325,74,1031,121,54,109,137,104,209,116,108,586,68,125,123,54,55,47,119,394,566,70,185,256,63,38,81,182,
6461,93,431,88,354,83,1116,131,64,122,145,113,217,120,122,629,74,138,130,54,59,54,129,430,618,74,200,280,68,42,89,194,
6994,101,461,98,372,89,1209,138,70,132,157,123,236,130,128,680,83,153,144,58,62,61,140,468,675,86,208,305,74,46,98,209,
7564,109,488,107,399,98,1318,153,74,146,172,142,253,137,134,738,89,161,160,68,69,65,147,502,736,89,217,328,83,53,102,227,
8109,117,525,114,420,108,1413,161,82,156,192,149,263,148,145,794,91,173,179,77,75,73,155,532,791,94,230,357,89,61,106,239,
8667,128,570,125,445,116,1510,174,87,168,216,155,280,162,148,836,95,180,195,85,77,78,161,558,853,103,245,379,93,67,117,261,
9215,136,602,128,473,123,1620,184,94,177,229,162,295,170,154,885,106,195,210,93,80,86,169,603,911,107,256,398,99,70,124,276,
9815,144,650,135,512,136,1729,202,102,187,247,175,324,180,162,936,115,209,220,96,85,91,185,632,962,120,265,415,101,72,136,290,
10122,147,675,140,522,134,1764,213,110,199,256,181,327,193,165,978,122,215,233,100,86,91,184,651,1003,125,269,427,105,68,141,298,
11185,164,756,147,577,144,1956,237,123,216,289,208,360,217,182,1099,142,237,264,104,93,102,193,711,1093,136,301,467,111,75,149,332,
11897,173,798,159,613,151,2073,246,133,225,308,221,383,233,192,1174,156,260,282,110,98,107,206,744,1164,149,328,503,116,78,156,358,
12587,179,868,168,643,160,2191,257,141,231,322,228,404,250,205,1244,165,281,294,114,102,111,215,791,1235,156,347,541,123,84,161,376,
13311,184,923,181,671,167,2313,272,147,242,333,242,418,268,216,1331,172,297,310,127,113,113,232,824,1312,166,364,582,131,90,173,397,
14092,193,983,188,714,178,2441,288,153,266,350,262,439,285,228,1414,177,312,331,142,120,115,247,871,1397,171,379,614,139,97,176,422,
14841,202,1043,192,758,188,2564,307,161,278,367,278,463,302,240,1486,191,328,353,153,129,121,257,913,1467,178,394,649,147,100,186,446,
15628,211,1106,203,795,198,2696,317,172,300,397,289,499,315,254,1547,199,343,374,156,136,134,276,960,1544,189,413,686,157,106,193,463,
16408,223,1169,213,822,212,2846,347,186,312,417,306,522,324,264,1620,208,350,396,159,145,137,284,1000,1627,195,435,716,166,115,204,488,
17218,230,1230,222,871,220,2977,366,197,318,445,315,551,338,277,1705,221,375,415,170,154,143,294,1055,1698,207,450,755,172,123,218,506,
18077,244,1276,231,909,233,3154,389,204,333,465,326,578,358,290,1798,233,401,444,178,160,150,302,1111,1772,219,466,789,178,129,229,528,
18950,252,1336,240,956,241,3304,410,215,344,485,350,602,382,301,1888,246,422,476,182,169,164,310,1162,1852,228,484,829,189,136,240,555,
19178,257,1351,248,977,252,3369,416,220,345,492,355,604,383,302,1892,254,421,479,185,179,165,316,1164,1859,228,494,838,193,138,243,559,
20780,284,1474,264,1061,273,3654,442,234,377,533,388,652,417,329,2051,274,457,513,196,192,175,335,1273,2004,251,521,918,205,156,263,614,
21663,297,1538,269,1101,285,3812,465,246,392,561,396,672,436,340,2169,287,471,534,204,195,185,355,1317,2094,265,538,957,206,167,277,632,
22570,317,1614,280,1131,296,3962,484,255,404,586,407,692,453,356,2282,301,492,556,212,208,193,373,1385,2183,277,551,995,211,177,283,654,
23472,330,1681,288,1176,304,4104,504,266,419,610,424,723,470,378,2389,312,504,586,222,221,202,383,1436,2265,288,569,1032,222,185,295,684,
24489,342,1757,299,1231,312,4290,521,276,439,640,445,748,489,390,2487,323,526,614,231,226,211,401,1496,2372,299,593,1085,231,194,310,711,
25499,355,1835,315,1269,319,4478,538,289,462,670,467,771,506,406,2598,330,549,643,243,239,218,418,1549,2473,306,606,1144,243,203,322,735,
26534,367,1920,326,1311,336,4659,557,304,480,699,484,804,523,418,2708,345,574,670,255,245,227,432,1621,2563,321,630,1198,252,213,331,761,
27588,380,2000,338,1354,352,4844,583,316,509,722,507,837,538,431,2808,355,595,714,272,254,233,453,1686,2660,337,645,1250,265,220,343,787,
28644,390,2093,344,1399,363,5047,608,329,530,743,524,873,550,451,2912,367,614,737,283,265,248,463,1759,2753,355,666,1307,272,228,357,814,
29788,408,2178,361,1451,377,5224,633,346,559,773,550,924,578,466,3026,377,635,764,292,277,261,475,1830,2862,370,688,1357,283,240,372,851,
30922,422,2267,374,1494,394,5418,650,358,577,817,563,959,597,489,3147,403,664,799,306,285,274,497,1906,2972,388,702,1397,291,252,383,877,
