Des is settled,12,1,22,13,28,19,20,24,21,3,8,16,17,18,10,14,7,6,5,30,29,27,15,9,4,23,2,31,26,25,11,
17,0,0,0,0,0,0,1,1,0,0,0,3,0,1,1,1,0,0,0,0,0,0,2,0,1,3,0,0,0,1,2,
19,1,0,0,0,0,0,1,1,0,0,0,3,0,1,2,1,0,0,0,0,0,0,2,0,1,3,0,0,0,1,2,
19,1,0,0,0,0,0,1,1,0,0,0,3,0,1,2,1,0,0,0,0,0,0,2,0,1,3,0,0,0,1,2,
22,1,0,0,0,1,0,1,1,0,0,0,3,0,1,2,1,0,0,0,0,0,0,2,0,1,5,0,0,0,1,2,
26,2,0,0,0,1,0,1,2,0,0,0,4,0,1,2,1,0,0,0,0,0,0,2,0,1,5,0,0,0,1,3,
27,2,0,0,0,1,0,1,2,0,0,0,4,0,1,2,1,0,1,0,0,0,0,2,0,1,5,0,0,0,1,3,
28,2,0,0,0,1,0,1,2,0,0,0,4,0,1,2,1,0,1,0,0,0,0,3,0,1,5,0,0,0,1,3,
29,2,0,0,0,1,0,1,2,0,0,0,4,0,1,2,1,0,1,0,0,0,0,3,0,2,5,0,0,0,1,3,
30,2,0,0,0,1,0,1,2,0,0,0,4,0,1,2,1,0,1,0,0,0,0,3,0,2,6,0,0,0,1,3,
32,2,0,1,0,1,0,1,2,0,0,0,4,0,2,2,1,0,1,0,0,0,0,3,0,2,6,0,0,0,1,3,
34,2,0,1,0,1,1,1,2,0,0,0,4,0,3,2,1,0,1,0,0,0,0,3,0,2,6,0,0,0,1,3,
37,2,0,1,0,1,1,1,2,0,0,0,4,0,3,2,1,0,1,0,0,0,0,3,0,2,7,0,1,0,1,4,
39,2,0,1,0,1,1,1,3,0,0,0,5,0,3,2,1,0,1,0,0,0,0,3,0,2,7,0,1,0,1,4,
41,2,0,1,0,1,1,2,3,0,0,0,5,0,3,2,1,0,1,0,0,0,0,4,0,2,7,0,1,0,1,4,
43,2,0,1,0,1,1,2,3,0,0,0,5,0,3,2,1,0,1,0,0,0,1,4,0,2,7,0,2,0,1,4,
46,2,0,1,0,1,1,2,3,0,0,0,6,0,3,2,1,0,1,0,0,0,1,5,0,2,7,0,2,0,1,5,
46,2,0,1,0,1,1,2,3,0,0,0,6,0,3,2,1,0,1,0,0,0,1,5,0,2,7,0,2,0,1,5,
47,2,0,1,0,1,1,2,3,0,0,0,6,0,3,2,1,0,1,0,0,0,1,5,0,3,7,0,2,0,1,5,
49,2,0,1,0,1,1,2,3,0,0,0,6,0,3,3,1,0,1,0,0,0,1,5,0,3,8,0,2,0,1,5,
51,2,0,1,0,1,2,2,3,0,0,0,6,0,3,3,1,1,1,0,0,0,1,5,0,3,8,0,2,0,1,5,
56,2,0,1,0,1,3,2,4,0,0,0,7,0,3,3,1,1,1,0,0,0,2,5,0,3,8,0,2,0,2,5,
61,3,0,1,0,1,3,3,4,0,0,0,7,1,4,3,1,2,1,0,0,0,2,5,0,3,8,0,2,0,2,5,
63,3,0,1,0,1,4,3,4,0,0,0,8,1,4,3,1,2,1,0,0,0,2,5,0,3,8,0,2,0,2,5,
69,3,0,1,0,1,4,3,4,0,2,0,8,1,4,4,1,2,1,0,0,0,2,6,0,3,9,0,2,0,3,5,
77,3,0,1,0,1,4,3,5,0,2,0,8,1,4,4,4,2,2,0,0,0,2,7,0,3,9,1,2,0,4,5,
82,4,0,1,0,1,5,4,5,0,2,0,8,1,4,4,4,2,2,0,0,0,2,7,0,3,10,1,2,0,5,5,
91,4,0,1,0,1,6,4,7,0,2,0,8,1,4,5,5,2,3,1,0,0,2,8,0,3,11,1,2,0,5,5,
100,5,0,1,0,1,6,6,7,0,2,0,8,2,4,6,7,2,3,1,0,0,2,9,0,3,11,2,2,0,5,5,
105,5,0,1,0,1,6,6,7,0,3,0,8,3,4,6,7,2,3,1,0,0,2,11,0,3,11,2,2,0,6,5,
112,5,0,1,0,1,7,6,7,0,3,0,11,3,4,6,7,2,3,1,0,0,3,11,0,3,11,2,2,0,6,7,
116,5,0,2,0,1,7,6,7,0,4,0,13,3,4,6,7,2,3,1,0,0,3,11,0,3,11,2,2,0,6,7,
124,5,0,2,0,1,8,6,7,0,4,0,13,4,4,7,7,2,3,1,0,0,3,13,0,3,14,2,2,0,6,7,
132,6,0,2,0,1,8,6,7,0,5,0,13,4,4,10,7,2,3,1,0,1,3,13,0,4,15,2,2,0,6,7,
141,6,1,2,0,1,9,6,8,0,6,0,13,4,4,12,7,2,3,1,0,1,3,14,0,4,15,2,4,0,6,7,
148,6,1,2,1,2,9,6,8,0,6,1,15,4,4,13,7,2,3,1,0,1,3,15,0,4,15,2,4,0,6,7,
159,6,1,3,1,2,10,10,8,0,7,1,15,4,4,14,8,2,3,1,0,1,3,15,0,4,15,2,5,0,6,8,
169,6,1,3,1,2,10,10,8,0,10,1,18,4,4,15,9,2,4,1,0,1,3,15,0,4,16,2,5,0,6,8,
183,6,1,3,1,2,11,10,8,0,11,2,20,4,5,18,9,2,4,1,0,1,3,15,0,4,18,3,5,1,6,9,
195,6,1,3,2,2,12,10,8,0,13,2,20,5,6,19,11,2,5,1,0,1,3,16,0,4,19,3,5,1,6,9,
210,7,1,3,3,2,12,12,8,0,13,3,23,5,6,19,11,2,6,1,0,1,4,18,0,4,21,3,5,1,6,10,
226,9,1,5,3,2,12,13,9,2,15,4,23,5,8,20,11,2,6,1,0,1,4,19,0,4,22,3,5,1,6,10,
247,9,1,5,4,2,13,14,10,2,16,5,26,6,9,20,13,3,6,1,0,1,5,19,0,6,26,3,5,1,6,10,
263,11,1,5,4,2,13,16,12,2,17,5,28,6,10,21,14,4,6,1,0,1,5,20,0,6,27,3,5,1,7,10,
289,13,1,7,4,2,14,17,14,2,21,6,29,6,11,23,16,4,7,1,0,1,7,20,0,6,27,3,5,1,8,13,
306,14,1,9,4,2,14,18,15,2,21,6,29,7,11,27,16,6,8,3,0,1,7,20,0,6,28,3,5,1,9,13,
331,15,1,10,4,3,15,18,16,2,22,6,36,7,11,28,17,6,11,3,0,1,8,21,0,6,30,3,5,1,12,13,
363,17,1,10,5,3,16,18,17,3,24,6,39,11,13,28,19,6,11,4,2,1,8,23,0,8,33,3,5,1,12,16,
387,18,1,11,5,3,18,18,17,3,26,6,42,13,13,29,21,6,11,4,3,1,9,26,0,8,35,4,5,1,12,18,
440,19,1,13,6,3,19,20,20,4,29,8,50,15,15,32,25,7,12,5,4,1,11,31,0,10,39,4,5,1,12,19,
468,19,1,13,6,4,19,22,21,5,33,8,55,15,17,33,27,7,12,5,4,1,12,34,0,10,41,4,5,1,13,21,
515,23,2,13,8,4,22,24,23,7,35,9,61,17,20,33,28,8,12,5,4,1,13,36,0,11,46,5,6,1,15,23,
565,25,2,15,8,6,24,25,23,7,37,9,72,17,22,36,28,9,13,6,5,1,15,41,1,12,49,5,8,1,17,26,
596,29,4,15,9,6,24,26,24,7,38,9,78,20,24,36,29,10,14,6,5,1,16,41,1,14,50,5,8,1,19,27,
644,32,4,15,11,6,27,29,26,7,43,9,83,23,26,40,30,10,16,6,5,1,16,43,1,14,57,5,8,1,21,29,
684,36,4,15,13,8,29,31,29,7,43,9,87,24,30,41,31,11,17,6,5,1,17,47,1,16,57,5,8,1,24,31,
738,42,4,15,13,9,30,35,29,7,46,9,88,29,34,42,35,12,18,7,5,1,19,51,1,16,64,5,11,1,26,34,
788,44,5,15,13,11,32,36,30,7,49,10,96,29,38,44,37,12,19,8,6,1,20,57,1,17,66,5,13,1,30,36,
854,47,5,16,15,13,34,38,31,9,54,13,105,32,41,47,38,13,22,9,6,1,21,60,1,18,75,5,14,1,33,37,
908,49,6,17,15,13,35,41,36,10,57,14,113,36,43,49,40,13,23,9,6,1,21,66,1,22,79,5,14,1,35,38,
