Step,TotalNumber,Age,Education,Province
1,374,30.71657754010695,9.042780748663102,
2,374,30.71657754010695,9.042780748663102,
3,374,30.71657754010695,9.042780748663102,
4,374,30.71657754010695,9.042780748663102,
5,374,30.71657754010695,9.042780748663102,
6,374,30.71657754010695,9.042780748663102,
7,374,30.71657754010695,9.042780748663102,
8,394,30.456852791878173,9.078680203045685,
9,470,30.32127659574468,9.142553191489363,
10,552,30.09963768115942,9.230072463768115,
11,663,29.85972850678733,9.294117647058824,
