Ori is settled,12,1,22,13,28,19,20,24,21,3,8,16,17,18,10,14,7,6,5,30,29,27,15,9,4,23,2,31,26,25,11,
19,1,3,2,1,0,0,0,1,1,0,0,0,0,2,3,0,2,0,0,0,0,0,0,0,0,1,0,1,0,1,0,
20,1,3,2,1,0,0,0,1,1,0,0,0,1,2,3,0,2,0,0,0,0,0,0,0,0,1,0,1,0,1,0,
22,1,3,2,1,0,0,0,1,1,0,0,0,1,2,3,1,2,0,1,0,0,0,0,0,0,1,0,1,0,1,0,
31,1,3,2,1,0,0,1,1,1,0,0,0,1,2,5,2,2,0,1,0,1,1,1,2,0,1,0,1,0,1,0,
32,1,3,2,1,0,0,1,1,1,0,0,0,1,2,5,2,2,0,1,0,1,1,1,2,0,1,1,1,0,1,0,
37,1,3,3,1,0,0,1,1,2,0,0,0,1,3,5,2,2,0,1,0,1,1,1,2,0,1,1,1,1,1,1,
42,1,3,3,1,1,0,1,1,3,2,1,0,1,3,5,2,2,0,1,0,1,1,1,2,0,1,1,1,1,1,1,
46,1,3,3,1,2,0,1,1,3,2,1,1,1,3,5,2,3,0,1,0,1,1,1,3,0,1,1,1,1,1,1,
54,2,3,3,1,3,1,1,1,3,2,1,1,1,3,6,2,3,0,1,0,1,3,2,3,1,1,1,1,1,1,1,
60,2,4,3,1,3,1,1,1,3,2,1,1,1,3,6,2,3,0,1,2,1,3,3,3,1,2,2,1,1,1,1,
67,2,4,3,1,3,1,1,1,3,4,2,1,1,3,6,2,3,1,1,2,1,3,3,4,2,2,2,1,2,1,1,
72,2,4,3,1,3,1,1,1,3,4,2,1,1,3,7,2,4,1,1,2,1,5,3,4,2,2,3,1,2,1,1,
79,2,4,4,1,3,1,1,1,3,4,3,1,1,3,7,2,4,1,1,3,1,5,3,4,2,2,4,1,3,2,2,
89,3,4,5,2,3,1,1,2,3,4,3,1,2,3,7,2,4,2,1,3,1,5,3,4,2,2,6,1,4,2,3,
95,3,4,5,2,4,1,1,2,3,4,3,1,2,3,7,3,6,2,1,3,1,5,3,4,2,2,6,1,6,2,3,
102,3,5,5,3,4,1,1,2,4,4,3,1,2,3,7,3,6,2,1,3,1,5,3,4,3,4,6,1,6,2,4,
103,3,5,5,3,4,1,1,2,4,4,3,1,2,3,7,3,6,3,1,3,1,5,3,4,3,4,6,1,6,2,4,
107,3,5,5,3,4,3,1,2,4,4,3,2,2,3,7,3,6,3,1,4,1,5,3,4,3,4,6,1,6,2,4,
121,3,5,5,7,6,3,1,2,4,5,3,2,2,3,8,3,6,4,3,6,2,5,3,4,3,4,6,1,6,2,4,
129,3,5,5,7,6,3,1,2,4,5,3,2,2,3,8,3,6,5,4,8,2,5,3,4,4,4,7,2,6,2,5,
139,3,5,6,7,6,4,1,2,4,5,3,2,2,4,8,3,7,5,5,8,3,5,3,5,5,4,9,2,6,2,5,
148,3,6,6,7,6,4,1,3,4,6,4,2,2,5,8,5,7,5,5,8,3,5,3,5,5,4,9,3,6,2,6,
158,3,7,7,8,6,4,1,4,4,6,4,2,2,6,8,6,7,5,5,8,3,5,4,6,6,4,9,4,6,2,6,
169,3,7,7,8,7,4,1,5,4,7,4,3,3,6,9,7,7,5,5,8,3,5,4,6,7,4,9,5,6,3,7,
188,3,7,7,9,7,7,1,5,4,8,5,3,3,8,9,8,7,5,7,8,5,6,6,6,7,4,10,6,6,4,7,
205,3,7,7,9,7,8,2,5,5,8,5,3,3,8,10,9,9,6,8,9,7,6,8,7,7,5,10,6,6,4,8,
223,3,7,7,10,7,10,2,5,7,10,5,5,3,9,11,10,10,7,9,9,7,6,8,7,7,6,11,7,6,4,8,
231,4,7,7,10,7,11,2,5,7,10,6,6,4,9,11,10,10,7,9,9,7,8,8,7,7,6,11,7,6,5,8,
243,4,8,7,11,7,11,3,6,7,10,7,7,4,9,11,10,11,9,9,9,8,8,8,7,7,6,11,7,7,5,9,
260,4,8,8,11,9,12,3,7,7,11,7,7,4,11,11,10,11,10,10,10,8,9,8,9,8,7,11,7,7,5,10,
277,4,8,8,11,9,12,4,8,7,12,9,7,5,12,11,10,12,10,11,13,8,9,9,9,9,7,11,9,7,6,10,
303,4,8,8,11,13,13,4,8,8,12,9,8,6,12,14,11,13,12,14,13,8,11,10,9,9,7,11,12,8,7,10,
338,4,9,10,13,16,14,4,9,9,12,9,8,8,14,15,12,13,13,14,16,9,14,12,10,9,8,11,15,9,8,11,
363,5,9,10,17,17,15,5,9,10,14,9,9,8,14,15,12,16,13,14,16,10,14,14,10,9,9,12,15,11,10,12,
389,5,10,10,17,18,17,6,10,14,15,9,9,8,16,15,14,16,14,15,17,11,15,16,11,9,10,14,15,11,10,12,
422,7,11,12,20,21,17,8,10,14,16,11,10,9,16,15,15,17,14,16,18,13,15,18,11,9,10,15,15,15,10,14,
479,11,13,14,22,22,20,11,13,14,18,13,12,11,17,16,17,18,16,18,22,16,15,20,11,9,10,18,18,17,11,16,
514,14,15,14,22,22,20,14,13,18,20,14,12,13,18,18,17,19,17,18,22,16,16,22,12,13,11,20,19,18,11,16,
543,16,17,14,25,22,21,14,15,22,20,14,13,14,19,19,17,20,19,19,26,16,16,22,12,13,11,20,19,19,13,16,
584,16,18,14,26,23,21,18,15,24,21,17,14,16,20,21,18,22,19,20,28,17,21,23,12,13,13,22,19,21,14,18,
619,19,20,14,28,23,21,18,16,25,22,17,15,19,22,22,19,24,19,21,29,17,23,24,15,14,14,23,20,23,15,18,
667,21,20,14,29,27,26,18,19,27,24,21,17,20,22,26,19,25,19,24,30,19,24,24,16,14,16,25,21,26,16,18,
710,22,22,18,31,28,29,20,19,28,25,21,18,21,22,27,22,26,20,25,32,20,26,27,17,14,18,27,22,27,17,19,
759,22,23,19,33,30,30,20,19,31,27,22,20,22,25,27,26,27,20,28,33,23,28,31,18,14,19,29,23,28,21,21,
797,22,24,21,33,31,32,22,20,31,28,22,22,23,28,28,30,29,20,29,34,25,31,32,19,15,20,30,23,29,21,23,
856,22,27,21,35,35,33,25,23,36,29,24,23,29,30,30,31,29,20,33,35,28,33,34,19,16,21,33,25,31,21,25,
926,23,28,22,38,37,38,27,25,38,31,26,28,29,31,33,32,30,22,35,37,31,36,37,21,19,27,36,26,33,22,28,
991,25,32,24,40,38,39,30,28,41,32,28,31,32,35,35,34,30,24,36,37,33,38,37,22,23,29,37,29,35,24,33,
1070,30,32,25,41,41,45,33,30,46,36,30,33,33,37,39,36,31,25,37,39,37,39,41,26,26,31,40,31,35,26,39,
1146,31,37,27,42,42,46,35,30,47,40,32,36,41,41,41,38,33,26,39,42,39,42,44,29,29,33,42,35,38,28,41,
1219,32,40,30,49,42,47,37,31,48,42,34,37,42,44,46,40,35,28,40,43,40,46,48,30,34,35,48,39,40,29,43,
1308,35,44,33,52,44,47,40,33,51,44,37,42,47,44,49,46,36,33,41,47,40,48,50,31,38,40,54,42,44,31,45,
1413,35,46,37,54,47,51,44,38,54,49,40,43,48,48,50,49,42,39,43,49,44,54,52,35,50,43,57,44,46,36,46,
1495,40,47,38,59,53,56,46,39,60,51,43,44,49,53,57,51,45,42,47,49,47,55,53,36,51,47,59,46,47,37,48,
1601,46,51,41,60,55,61,47,39,65,53,49,47,54,55,57,52,48,45,51,53,51,63,58,40,55,52,66,48,48,42,49,
1732,49,53,45,63,59,68,54,43,68,58,53,50,58,63,64,60,54,48,56,57,54,66,61,44,57,59,70,51,53,43,51,
1852,52,57,49,66,69,70,58,49,72,63,55,54,62,68,66,63,54,50,60,60,56,71,66,48,65,61,71,54,60,49,54,
1991,56,63,52,66,72,75,63,55,77,68,58,59,69,70,75,68,58,53,64,63,59,73,71,54,75,63,73,56,67,57,59,
2106,57,65,57,73,76,82,64,57,81,74,63,64,71,73,79,69,64,58,68,64,60,75,77,55,77,70,76,64,71,58,64,
