movedByPro,12,1,22,13,28,19,20,24,21,3,8,16,17,18,10,14,7,6,5,30,29,27,15,9,4,23,2,31,26,25,11,
431,19,0,18,19,9,46,33,5,0,7,4,21,26,33,22,16,4,2,6,0,0,9,17,0,4,64,0,2,0,6,39,
431,19,0,18,19,9,46,33,5,0,7,4,21,26,33,22,16,4,2,6,0,0,9,17,0,4,64,0,2,0,6,39,
431,19,0,18,19,9,46,33,5,0,7,4,21,26,33,22,16,4,2,6,0,0,9,17,0,4,64,0,2,0,6,39,
431,19,0,18,19,9,46,33,5,0,7,4,21,26,33,22,16,4,2,6,0,0,9,17,0,4,64,0,2,0,6,39,
431,19,0,18,19,9,46,33,5,0,7,4,21,26,33,22,16,4,2,6,0,0,9,17,0,4,64,0,2,0,6,39,
431,19,0,18,19,9,46,33,5,0,7,4,21,26,33,22,16,4,2,6,0,0,9,17,0,4,64,0,2,0,6,39,
431,19,0,18,19,9,46,33,5,0,7,4,21,26,33,22,16,4,2,6,0,0,9,17,0,4,64,0,2,0,6,39,
431,19,0,18,19,9,46,33,5,0,7,4,21,26,33,22,16,4,2,6,0,0,9,17,0,4,64,0,2,0,6,39,
441,19,1,19,19,9,46,33,5,0,9,4,22,26,34,22,16,5,2,6,1,0,9,17,0,4,65,0,2,1,6,39,
529,23,8,22,22,13,46,37,7,3,11,9,23,28,36,24,17,6,8,9,3,3,10,23,5,8,68,3,3,3,8,40,
629,24,10,27,23,18,49,40,10,5,15,9,23,32,39,31,19,8,9,13,8,8,13,26,6,12,73,6,7,7,12,47,
748,26,14,27,28,20,53,44,12,7,17,13,27,36,42,33,24,13,14,14,13,11,16,31,11,15,78,13,14,12,17,53,
887,33,14,34,33,27,63,49,17,13,21,19,32,39,47,37,29,17,20,18,17,12,17,33,12,20,83,15,18,18,24,56,
1092,41,23,44,39,32,69,56,22,15,31,25,42,48,55,44,35,22,31,25,22,16,19,44,20,25,87,24,23,25,27,61,
1298,46,28,48,45,38,74,63,29,23,39,39,48,56,61,53,41,30,32,30,31,18,30,50,26,37,94,30,26,29,33,71,
1516,52,35,55,54,44,80,71,34,29,53,46,58,61,67,61,50,37,38,33,39,21,35,56,38,44,98,39,43,34,36,75,
1739,56,44,64,63,50,87,76,42,42,60,53,63,68,76,67,51,43,48,42,45,32,42,66,42,52,103,51,46,43,42,80,
1985,61,49,73,67,63,100,79,49,50,69,61,69,74,82,76,57,52,55,49,52,40,52,73,51,61,114,58,56,48,56,89,
2268,69,63,83,81,73,106,88,59,58,77,74,75,80,92,85,64,56,68,61,60,52,62,82,56,72,121,65,61,54,71,100,
2529,81,70,91,91,78,115,99,64,64,87,82,84,87,100,93,73,63,78,69,73,62,69,93,64,82,127,73,65,61,78,113,
2863,90,81,100,106,90,131,105,74,76,96,91,97,95,112,105,77,81,91,82,92,71,81,102,77,92,136,79,75,68,90,120,
3190,105,96,106,116,99,141,116,87,88,106,108,107,105,124,107,90,87,97,93,99,81,90,115,87,100,146,92,89,76,100,137,
3545,117,109,117,130,105,153,125,92,99,115,117,119,124,140,119,100,100,104,104,107,90,101,133,99,111,161,105,100,91,112,146,
3911,128,117,133,140,115,165,136,104,111,125,129,126,137,156,132,112,110,115,119,114,107,115,143,111,122,172,124,112,100,121,160,
4191,134,121,146,154,123,169,142,112,122,139,140,134,150,169,137,117,118,125,130,123,121,128,150,123,133,186,124,124,105,128,164,
4762,145,137,170,180,136,181,169,132,150,160,151,149,163,186,152,133,136,149,153,141,135,140,167,153,162,195,142,137,123,144,191,
5204,159,153,184,194,144,200,189,147,170,171,166,166,174,199,160,143,151,161,165,151,144,156,187,164,179,209,152,160,137,163,206,
5681,174,161,197,220,155,213,202,165,189,189,182,178,191,216,177,154,175,180,175,161,160,166,204,179,197,228,163,179,150,177,224,
6187,189,178,214,235,170,231,224,184,208,205,206,193,209,233,189,166,186,194,185,175,185,181,219,198,208,246,175,198,163,197,243,
6687,203,187,228,254,187,248,245,203,226,235,223,207,225,242,207,171,207,213,204,191,201,191,238,209,223,261,191,216,177,219,255,
7211,213,200,244,275,202,265,257,220,243,250,241,221,241,260,225,184,216,236,232,204,222,208,258,232,240,279,208,231,199,236,269,
7751,230,215,263,292,214,276,273,234,258,266,256,235,252,278,245,202,227,257,257,224,237,226,278,246,263,294,235,252,221,255,290,
8288,249,238,280,312,229,291,294,252,273,282,278,249,264,298,263,217,234,279,278,242,255,244,299,258,273,311,260,266,246,272,302,
8857,272,256,303,321,252,308,303,263,287,299,301,262,288,327,282,240,255,304,293,260,270,262,319,269,295,332,277,289,264,287,317,
9460,291,270,315,343,270,321,315,287,312,309,324,286,311,348,302,257,287,323,315,294,296,283,336,286,308,349,297,301,279,303,342,
10077,308,285,335,355,293,340,336,307,332,327,344,310,325,370,325,266,308,347,329,314,315,306,364,306,326,382,320,319,300,327,356,
10441,319,293,342,376,318,351,357,319,340,336,359,315,339,380,333,274,311,362,347,316,324,326,367,323,336,392,335,335,315,341,360,
11470,355,325,378,413,346,372,391,367,380,368,389,353,383,410,360,315,342,390,374,352,354,361,395,366,368,420,363,369,342,376,393,
12127,378,343,404,429,366,389,417,385,408,385,415,373,415,431,389,329,365,412,397,365,373,387,407,391,386,442,381,391,359,399,416,
12839,397,371,435,453,389,412,432,413,437,415,437,401,442,452,405,348,380,435,427,386,395,410,428,408,405,468,402,414,379,428,435,
13549,422,405,453,479,419,435,450,430,453,442,465,421,466,475,425,382,404,459,441,401,416,428,448,433,428,492,427,436,404,452,458,
14296,457,428,466,490,447,466,467,451,477,472,490,443,492,499,449,411,422,484,465,419,444,445,471,455,459,512,451,464,427,488,485,
15111,492,454,489,516,465,486,490,482,511,504,511,463,518,523,482,436,442,510,490,440,473,483,495,487,487,535,480,491,457,508,511,
15842,516,476,504,546,491,511,512,501,527,521,546,500,543,547,513,462,476,530,506,462,495,511,520,505,506,555,496,511,484,540,529,
16629,538,494,528,568,515,539,530,535,549,543,574,521,566,570,545,486,499,553,541,490,526,539,553,532,537,586,518,532,511,563,548,
17472,570,530,554,592,549,563,561,562,578,571,600,548,596,600,572,508,520,575,568,516,550,561,574,552,565,612,544,564,535,602,580,
18340,600,558,578,619,564,590,596,594,605,598,626,581,620,626,595,529,547,614,602,550,578,587,598,582,589,637,579,593,564,631,610,
19233,623,590,608,645,588,617,628,625,641,636,645,618,651,656,624,546,584,640,637,571,613,623,624,603,620,674,609,635,582,649,628,
19587,628,611,616,668,607,626,648,637,653,642,659,635,665,680,632,552,598,635,641,584,614,626,631,614,629,698,622,661,582,652,641,
21019,681,666,661,709,648,680,692,684,688,693,705,680,710,721,676,595,644,662,698,639,654,667,674,668,673,741,677,711,635,702,685,
21924,714,693,701,733,674,709,728,713,719,727,737,715,742,748,705,621,667,699,719,667,684,690,707,692,702,771,696,743,659,736,713,
22892,745,727,732,758,702,733,760,744,755,758,768,753,791,781,737,647,698,724,751,694,717,721,736,728,732,805,735,772,682,759,747,
23891,783,758,762,789,743,780,786,780,784,801,791,781,829,820,766,669,723,765,778,727,739,765,771,768,761,833,770,802,702,791,774,
24911,813,795,803,826,771,808,833,818,806,837,828,818,857,844,793,698,760,788,812,763,776,799,799,808,795,871,803,824,728,833,804,
25939,846,825,833,869,808,844,863,848,830,877,866,857,889,876,816,728,797,815,842,805,819,828,830,846,828,912,828,855,759,869,831,
26997,885,864,862,913,847,872,895,881,850,919,893,897,930,907,865,755,823,846,881,835,856,857,873,878,865,941,865,882,796,892,872,
28043,915,896,887,941,869,902,926,918,886,954,929,935,962,933,898,799,867,877,919,862,892,903,905,922,904,968,904,911,828,924,907,
29094,941,936,929,979,909,932,963,955,917,976,956,964,999,969,928,836,898,902,959,893,931,935,931,957,951,997,946,941,856,967,941,
30218,979,970,956,1014,940,951,1015,994,950,1009,993,999,1033,1009,973,877,940,940,995,930,970,963,975,1000,974,1043,982,974,889,1000,981,
31361,1020,1011,990,1061,990,988,1044,1031,996,1053,1027,1031,1062,1036,1012,921,977,971,1035,967,1009,989,1012,1038,1020,1082,1015,1004,924,1024,1021,
