Step,TotalNumber,Age,Education,Province
1,372,29.666666666666668,9.223118279569892,
2,372,29.666666666666668,9.223118279569892,
3,372,29.666666666666668,9.223118279569892,
4,372,29.666666666666668,9.223118279569892,
5,372,29.666666666666668,9.223118279569892,
6,372,29.666666666666668,9.223118279569892,
7,372,29.666666666666668,9.223118279569892,
8,372,29.666666666666668,9.223118279569892,
9,377,29.644562334217508,9.212201591511937,
10,450,29.648888888888887,9.277777777777779,
11,568,29.628521126760564,9.257042253521126,
12,702,29.646723646723647,9.307692307692308,
13,840,29.692857142857143,9.33095238095238,
14,1053,29.46153846153846,9.338081671415004,
15,1264,29.29113924050633,9.311708860759493,
16,1478,29.28552097428958,9.28619756427605,
17,1689,29.376554174067497,9.300769686204855,
18,1967,29.523131672597867,9.28266395526182,
19,2231,29.515463917525775,9.231734648139847,
20,2503,29.625249700359568,9.24610467439073,
21,2830,29.631095406360423,9.245583038869258,
22,3153,29.55280685061846,9.223279416428799,
23,3516,29.50967007963595,9.214732650739476,
24,3865,29.55058214747736,9.223803363518758,
25,4110,30.029683698296836,9.21727493917275,
26,4647,29.48762642565096,9.21885087153002,
27,5055,29.420771513353117,9.21839762611276,
28,5508,29.390704429920117,9.222948438634713,
29,5974,29.41546702376967,9.23183796451289,
30,6461,29.453644946602694,9.236650673270391,
31,6994,29.44037746639977,9.240920789247927,
32,7564,29.440639873083025,9.228318350079324,
33,8109,29.466395363176716,9.237637193242076,
34,8667,29.483212184146762,9.238260066920503,
35,9215,29.47173087357569,9.23418339663592,
36,9815,29.48802852776363,9.229648497198166,
37,10122,29.985378383718633,9.235131396957122,
38,11185,29.476620473848904,9.232096557890031,
39,11897,29.46297385895604,9.23106665545936,
40,12587,29.482005243505203,9.22984031143243,
41,13311,29.483209375704305,9.233566223424235,
42,14092,29.481336928753905,9.230698268521147,
43,14841,29.484603463378477,9.23071221615794,
44,15628,29.489697977988225,9.231699513693371,
45,16408,29.506277425646026,9.230497318381277,
46,17218,29.504007434080613,9.230282262748286,
47,18077,29.493887260054212,9.222326713503346,
48,18950,29.477519788918205,9.220263852242745,
49,19178,30.00427573261028,9.207998748566066,
50,20780,29.509143407122234,9.223628488931665,
51,21663,29.51844158242164,9.229331117573743,
52,22570,29.5119184758529,9.225387682764731,
53,23472,29.506774028629856,9.227845944103613,
54,24489,29.511658295561272,9.230429988974642,
55,25499,29.507157143417388,9.229891368288952,
56,26534,29.493367000829124,9.2236375970453,
57,27588,29.506887052341597,9.22672901261418,
58,28644,29.503142019271053,9.22702834799609,
59,29788,29.487679602524505,9.226366322008863,
60,30922,29.491365370933316,9.228736821680357,
