movedByPro,12,1,22,13,28,19,20,24,21,3,8,16,17,18,10,14,7,6,5,30,29,27,15,9,4,23,2,31,26,25,11,
372,14,0,16,15,8,43,29,4,0,7,3,18,20,29,18,14,3,2,5,0,0,9,14,0,4,53,0,2,0,8,34,
372,14,0,16,15,8,43,29,4,0,7,3,18,20,29,18,14,3,2,5,0,0,9,14,0,4,53,0,2,0,8,34,
372,14,0,16,15,8,43,29,4,0,7,3,18,20,29,18,14,3,2,5,0,0,9,14,0,4,53,0,2,0,8,34,
372,14,0,16,15,8,43,29,4,0,7,3,18,20,29,18,14,3,2,5,0,0,9,14,0,4,53,0,2,0,8,34,
372,14,0,16,15,8,43,29,4,0,7,3,18,20,29,18,14,3,2,5,0,0,9,14,0,4,53,0,2,0,8,34,
372,14,0,16,15,8,43,29,4,0,7,3,18,20,29,18,14,3,2,5,0,0,9,14,0,4,53,0,2,0,8,34,
372,14,0,16,15,8,43,29,4,0,7,3,18,20,29,18,14,3,2,5,0,0,9,14,0,4,53,0,2,0,8,34,
372,14,0,16,15,8,43,29,4,0,7,3,18,20,29,18,14,3,2,5,0,0,9,14,0,4,53,0,2,0,8,34,
377,14,0,16,15,8,43,29,4,0,8,3,18,20,30,18,14,3,2,5,1,1,9,14,0,4,53,1,2,0,8,34,
450,15,1,18,19,9,43,30,6,3,9,6,21,21,32,23,18,6,2,10,5,1,12,15,4,6,56,5,4,1,12,37,
568,16,5,21,26,14,46,30,8,7,13,10,24,24,38,26,22,11,7,13,11,7,16,18,8,9,59,10,8,4,16,41,
702,21,9,24,28,20,48,34,8,13,18,15,29,34,43,30,28,20,10,18,12,12,21,26,8,12,63,15,11,8,19,45,
840,28,14,31,31,25,51,39,13,20,24,16,33,42,51,31,28,24,15,20,20,14,26,27,15,17,69,18,13,13,22,50,
1053,34,19,38,36,31,58,46,17,24,32,26,40,50,57,35,35,30,20,27,28,24,32,36,27,25,76,26,20,20,29,55,
1264,38,22,43,45,38,67,56,20,34,39,32,45,52,68,44,42,37,25,37,35,27,41,42,32,35,80,32,31,30,34,61,
1478,46,29,48,53,43,74,59,31,46,47,36,49,58,75,49,52,43,30,43,37,30,48,49,40,40,91,41,38,38,47,68,
1689,51,36,51,64,49,83,69,37,54,51,45,52,64,77,61,63,47,33,48,43,40,57,57,49,49,96,46,46,45,52,74,
1967,57,42,59,72,62,96,78,50,67,58,54,63,72,85,75,69,55,43,61,51,45,69,64,57,54,103,53,55,54,63,81,
2231,66,50,63,82,67,103,86,60,72,63,62,70,80,95,85,74,64,51,71,58,55,74,74,77,65,111,61,63,64,75,90,
2503,71,56,74,92,79,112,95,68,76,74,69,81,88,102,96,81,73,57,81,70,63,84,83,83,71,127,71,68,76,87,95,
2830,78,72,88,117,88,118,109,70,84,88,80,90,98,109,107,85,84,67,92,77,75,96,90,98,82,140,78,77,91,97,105,
3153,89,82,98,130,99,126,117,84,97,100,88,101,102,117,111,95,94,81,105,88,88,104,100,107,98,151,91,86,103,108,113,
3516,104,98,114,137,109,138,128,95,107,111,103,112,118,125,122,103,101,91,121,97,99,120,113,114,111,165,101,101,118,115,125,
3865,115,107,128,148,126,148,142,99,123,127,110,124,128,129,134,110,115,105,131,111,106,130,123,126,123,179,110,115,124,135,134,
4110,125,114,133,157,139,161,151,109,131,136,117,130,133,134,145,113,116,116,143,113,113,137,129,132,135,186,117,119,135,147,144,
4647,135,128,149,175,159,184,167,130,141,151,139,150,143,151,168,128,136,136,156,127,134,156,149,154,152,201,127,140,151,169,161,
5055,145,139,161,184,173,202,177,144,151,160,155,165,154,167,180,141,152,147,163,140,154,173,160,167,172,215,152,149,159,185,169,
5508,162,157,173,197,187,222,193,157,170,175,169,180,169,177,203,153,167,161,176,155,163,187,179,180,186,232,162,164,172,196,184,
5974,176,173,185,209,203,236,209,171,180,183,189,196,180,194,228,163,183,174,195,167,181,208,195,196,196,246,175,182,181,219,201,
6461,182,189,197,228,226,255,225,194,190,199,206,211,194,210,236,179,199,190,207,178,194,224,214,216,208,265,194,199,202,235,215,
6994,201,196,215,240,242,273,243,211,211,212,220,230,208,227,251,196,217,207,227,194,211,243,233,237,231,279,212,221,214,261,231,
7564,215,208,231,258,262,291,267,234,224,228,242,252,232,248,274,210,232,226,251,214,225,259,251,255,244,301,226,243,230,282,249,
8109,232,224,248,271,282,307,284,256,239,242,261,267,245,277,289,223,246,246,277,234,244,277,265,267,267,319,243,262,252,301,262,
8667,258,242,264,295,298,322,303,278,261,268,278,283,259,290,307,242,259,262,292,240,265,288,279,283,285,338,263,282,273,324,286,
9215,269,256,281,311,318,344,319,294,281,288,294,311,277,307,315,254,280,278,313,256,286,306,306,302,305,357,280,299,289,337,302,
9815,286,282,299,340,343,364,336,316,307,317,311,332,298,329,338,268,295,303,327,270,302,330,320,320,327,371,289,318,304,353,320,
10122,294,289,312,347,350,367,349,325,319,335,315,340,317,333,346,281,302,312,338,283,317,337,331,331,340,391,294,336,294,368,329,
11185,336,318,345,370,393,409,397,363,340,364,345,384,355,373,382,322,332,346,380,318,354,359,362,365,365,422,327,366,335,393,365,
11897,360,331,367,388,422,431,413,391,358,387,364,410,375,393,408,347,350,377,404,339,382,381,382,381,388,454,348,390,367,415,394,
12587,384,361,392,408,447,450,445,408,379,406,383,431,391,413,436,366,372,393,428,355,406,400,400,412,415,481,372,406,394,437,416,
13311,406,379,419,430,466,476,466,426,408,421,416,447,409,429,456,393,409,413,460,378,420,427,419,430,439,505,400,432,422,468,442,
14092,425,411,439,457,496,501,489,449,437,445,442,472,443,446,485,416,436,438,492,398,437,456,444,454,461,533,424,466,447,486,467,
14841,445,445,455,485,525,520,511,473,458,468,467,496,474,466,516,446,458,466,520,415,460,480,465,477,486,562,443,485,465,516,493,
15628,465,476,482,513,549,536,539,491,492,502,491,527,498,493,545,469,477,488,539,434,490,515,490,500,509,600,468,509,487,541,513,
16408,499,494,506,536,575,561,574,525,518,532,513,565,521,513,573,487,495,512,559,455,515,530,508,532,540,629,488,531,520,560,542,
17218,518,525,530,567,604,592,597,549,539,555,537,593,544,544,602,512,525,533,593,475,542,560,535,564,569,655,514,547,545,589,564,
18077,544,547,550,592,631,625,626,576,559,582,574,632,579,574,629,536,562,568,617,494,583,581,562,596,601,680,535,570,569,612,591,
18950,565,573,577,620,661,656,663,603,578,611,605,664,602,598,662,561,602,597,639,515,630,604,590,618,623,717,558,598,599,639,622,
19178,572,580,587,646,669,674,669,629,587,609,625,667,596,610,665,573,605,593,642,534,627,613,589,616,628,731,568,599,606,640,629,
20780,635,627,638,696,724,729,725,667,640,670,683,714,653,660,709,629,659,644,680,583,673,652,649,667,675,767,634,654,660,696,688,
21663,667,647,662,721,755,765,752,687,670,697,724,737,682,686,731,662,691,676,713,616,697,688,678,689,708,801,655,682,689,727,708,
22570,704,681,691,746,775,799,779,718,695,724,747,761,712,712,756,692,724,701,748,651,733,726,721,717,735,831,683,710,716,750,732,
23472,738,714,709,762,812,827,808,748,720,754,770,781,747,741,792,729,755,729,776,693,757,757,749,743,761,858,711,740,747,777,767,
24489,764,752,738,799,844,858,840,790,758,794,800,813,772,767,819,769,784,755,803,716,792,798,774,777,800,893,752,774,784,814,796,
25499,796,782,772,827,869,899,879,836,787,814,833,849,804,793,850,802,813,797,834,749,827,836,798,810,832,927,783,806,820,850,825,
26534,826,819,805,857,903,930,914,874,823,840,867,880,837,826,884,832,853,836,871,772,862,867,838,844,867,960,808,840,862,882,855,
27588,852,857,839,887,934,971,941,907,865,873,904,914,880,853,919,855,880,874,902,811,896,918,872,881,903,989,842,874,889,921,885,
28644,885,888,879,917,964,1010,979,943,906,912,935,949,916,881,951,883,911,904,936,844,933,949,910,916,937,1022,874,909,931,955,915,
29788,920,922,921,956,997,1051,1015,974,949,947,975,987,955,910,1002,920,950,942,963,877,972,974,950,949,977,1057,914,949,966,990,957,
30922,963,951,954,990,1029,1084,1051,1006,989,987,1014,1014,987,954,1040,968,999,981,992,910,1016,1022,987,996,1016,1086,949,985,999,1017,986,
