4.6131,1.6633,4.2563,0.5201,0.023568,0.65377,0.78643,9.1859,0.9,0.9,0.95,0.0005,1
4.4925,1.9799,4.2362,0.92965,0.028543,0.5799,0.77337,6.2462,0.9,0.9,0.95,0.0005,1
4.8693,1.4673,4.7789,0.86432,0.026583,0.54673,0.70754,6.1558,0.9,0.9,0.95,0.0005,1
4.1558,1.2161,4.0352,0.58543,0.02799,0.51206,0.73518,3.804,0.9,0.9,0.95,0.0005,1
4.196,1.402,4.2965,0.74623,0.022965,0.56935,0.74221,7.2412,0.9,0.9,0.95,0.0005,1
4.1055,1.804,4.7236,0.72864,0.023216,0.76683,0.70302,2.6734,0.9,0.9,0.95,0.0005,1
4.8744,1.3015,5,0.60553,0.02995,0.59497,0.7206,3.2613,0.9,0.9,0.95,0.0005,1
4.1658,1.5126,4.598,0.63065,0.029146,0.6598,0.71608,7.0151,0.9,0.9,0.95,0.0005,1
4.7588,1.7136,4.196,0.89447,0.025226,0.69146,0.7196,8.191,0.9,0.9,0.95,0.0005,1
4.4573,1.5025,4.0402,0.93216,0.024673,0.53769,0.78392,8.598,0.9,0.9,0.95,0.0005,1
4.8492,1.6231,4.9598,0.61307,0.020754,0.7804,0.79447,2.5377,0.9,0.9,0.95,0.0005,1
4.4523,1.5176,4.1106,0.98995,0.021156,0.70955,0.72362,3.1256,0.9,0.9,0.95,0.0005,1
4.7286,1.593,4.3719,0.69347,0.021859,0.57688,0.79347,3.1709,0.9,0.9,0.95,0.0005,1
4.593,1.201,4.6583,0.8593,0.023518,0.63116,0.74975,6.8794,0.9,0.9,0.95,0.0005,1
4.9497,1.5276,4.005,0.76131,0.027387,0.57236,0.70804,6.0653,0.9,0.9,0.95,0.0005,1
4.5578,1.3216,4.0905,0.80653,0.02402,0.53317,0.78442,2.7638,0.9,0.9,0.95,0.0005,1
4.6332,1.6784,4.5879,0.9598,0.021658,0.68995,0.71457,4.3015,0.9,0.9,0.95,0.0005,1
4.8241,1.3518,4.593,0.88945,0.02196,0.68392,0.78744,5.6131,0.9,0.9,0.95,0.0005,1
4.1709,1.9497,4.9648,0.70352,0.027186,0.70653,0.77538,9.9095,0.9,0.9,0.95,0.0005,1
4.0251,1.1357,4.5276,0.85427,0.023819,0.59648,0.71357,3.5327,0.9,0.9,0.95,0.0005,1
4.603,1.1759,4.4372,0.99246,0.022513,0.6809,0.71055,4.1206,0.9,0.9,0.95,0.0005,1
4.799,1.8794,4.9698,0.90704,0.020151,0.73216,0.76432,3.6231,0.9,0.9,0.95,0.0005,1
4.2714,1.7889,4.6482,0.67839,0.02201,0.64623,0.73467,2.3568,0.9,0.9,0.95,0.0005,1
4.7387,1.598,4.995,0.5603,0.020201,0.7201,0.78342,5.1608,0.9,0.9,0.95,0.0005,1
4.0101,1.3417,4.7085,0.99497,0.028141,0.79246,0.73166,5.8392,0.9,0.9,0.95,0.0005,1
4.4774,1.5477,4.3166,0.90452,0.026533,0.59045,0.78794,2.9899,0.9,0.9,0.95,0.0005,1
4.8291,1.8442,4.1206,0.87186,0.023417,0.79548,0.7593,9.7739,0.9,0.9,0.95,0.0005,1
4.6784,1.995,4.9196,0.79899,0.02392,0.51055,0.71256,6.4724,0.9,0.9,0.95,0.0005,1
4.3367,1.6734,4.8894,0.8794,0.023467,0.52412,0.78492,5.5226,0.9,0.9,0.95,0.0005,1
4.0754,1.4774,4.3015,0.82915,0.02005,0.67487,0.70402,6.3367,0.9,0.9,0.95,0.0005,1
4.6985,1.0854,4.3618,0.97236,0.02397,0.69749,0.79849,3.7136,0.9,0.9,0.95,0.0005,1
4.6734,1.799,4.9849,0.6809,0.02407,0.53618,0.72111,9.9548,0.9,0.9,0.95,0.0005,1
4.3417,1.603,4.3317,0.91709,0.021558,0.59347,0.7608,3.2161,0.9,0.9,0.95,0.0005,1
4.5729,1.7839,4.6432,0.77387,0.027789,0.68241,0.74874,8.8241,0.9,0.9,0.95,0.0005,1
4.0503,2,4.799,0.58794,0.025528,0.51508,0.70955,1.6332,0.9,0.9,0.95,0.0005,1
4.5025,1.4523,4.9246,0.6206,0.025628,0.68693,0.77688,4.4372,0.9,0.9,0.95,0.0005,1
4.2663,1.1156,4.4221,0.65075,0.028744,0.7005,0.75628,6.9698,0.9,0.9,0.95,0.0005,1
4.5226,1.8241,4.8492,0.97487,0.027538,0.64472,0.71156,6.4271,0.9,0.9,0.95,0.0005,1
4.8794,1.8643,4.5829,0.72613,0.024925,0.59196,0.79899,9.0503,0.9,0.9,0.95,0.0005,1
4.1457,1.0754,4.206,0.84673,0.024121,0.53015,0.71106,8.3266,0.9,0.9,0.95,0.0005,1
4.6633,1.397,4.4322,0.68342,0.025075,0.50452,0.72915,8.4171,0.9,0.9,0.95,0.0005,1
4.9296,1.6884,4.1709,0.62563,0.027487,0.66583,0.76533,9.1407,0.9,0.9,0.95,0.0005,1
4.7437,1.0503,4.7337,0.68593,0.028442,0.56482,0.76633,6.2915,0.9,0.9,0.95,0.0005,1
4.2211,1.1709,4.3417,0.81407,0.024573,0.77286,0.76281,10,0.9,0.9,0.95,0.0005,1
4.9196,1.0804,4.201,0.76382,0.022613,0.67337,0.72513,1.1809,0.9,0.9,0.95,0.0005,1
4.3819,1.8894,4.4925,0.72111,0.024171,0.78492,0.73769,2.8995,0.9,0.9,0.95,0.0005,1
4.2965,1.0905,4.7186,0.80151,0.021256,0.61457,0.73618,7.4673,0.9,0.9,0.95,0.0005,1
4.5628,1.0653,4.5176,0.8392,0.021106,0.56181,0.78593,6.201,0.9,0.9,0.95,0.0005,1
4.8543,1.2663,4.1156,0.62814,0.024623,0.52714,0.7201,6.6533,0.9,0.9,0.95,0.0005,1
4.7337,1.2412,4.3518,0.61809,0.027337,0.66734,0.73116,7.5578,0.9,0.9,0.95,0.0005,1
4.7487,1.4573,4.794,0.86935,0.024322,0.5603,0.78543,2.5829,0.9,0.9,0.95,0.0005,1
4.8141,1.9045,4.1256,0.62312,0.029095,0.77136,0.77638,4.9799,0.9,0.9,0.95,0.0005,1
4.3668,1.1407,4.3668,0.67337,0.021407,0.78945,0.77085,8.7337,0.9,0.9,0.95,0.0005,1
4.3869,1.9698,4.1809,0.66332,0.020553,0.61608,0.79196,8.7789,0.9,0.9,0.95,0.0005,1
4.3568,1.3266,4.5226,0.81658,0.021759,0.64774,0.71206,5.9749,0.9,0.9,0.95,0.0005,1
4.3065,1.1558,4.9497,0.59799,0.026935,0.69598,0.71658,5.7035,0.9,0.9,0.95,0.0005,1
4.3467,1.206,4.0452,0.84925,0.024372,0.74271,0.77739,5.5678,0.9,0.9,0.95,0.0005,1
4.6432,1.9196,4.2814,0.53769,0.028492,0.7608,0.71307,6.8342,0.9,0.9,0.95,0.0005,1
4.5327,1.7236,4.0854,0.85678,0.028995,0.74874,0.70151,6.3819,0.9,0.9,0.95,0.0005,1
4.6683,1.9095,4.8643,0.55528,0.025126,0.61156,0.70603,4.0754,0.9,0.9,0.95,0.0005,1
4.2513,1.6533,4.7839,0.6608,0.022663,0.69899,0.73266,8.6884,0.9,0.9,0.95,0.0005,1
4.1608,1.1809,4.3216,0.63568,0.022915,0.72915,0.74422,9.4573,0.9,0.9,0.95,0.0005,1
4.0302,1.0553,4.2211,0.78643,0.026633,0.63869,0.74623,5.7487,0.9,0.9,0.95,0.0005,1
4.4271,1.7538,4.7035,0.94975,0.022111,0.5407,0.77789,5.2513,0.9,0.9,0.95,0.0005,1
4.9095,1.1005,4.4673,0.92462,0.021709,0.78191,0.75528,9.2312,0.9,0.9,0.95,0.0005,1
4.9799,1.9899,4.7487,0.73618,0.025879,0.60101,0.76784,7.7839,0.9,0.9,0.95,0.0005,1
4.5126,1.1859,4.6131,0.88693,0.026131,0.63568,0.79598,8.4623,0.9,0.9,0.95,0.0005,1
4.1859,1.3869,4.8442,0.89196,0.024874,0.50151,0.7794,8.0101,0.9,0.9,0.95,0.0005,1
4.4975,1.3317,4.2462,0.84422,0.023266,0.76834,0.7799,8.3719,0.9,0.9,0.95,0.0005,1
4.7839,1.6985,4.8191,0.73367,0.024271,0.75176,0.71558,1.4975,0.9,0.9,0.95,0.0005,1
4.2864,1.9397,4.6834,0.87437,0.029548,0.79849,0.78241,9.8643,0.9,0.9,0.95,0.0005,1
4.3769,1.0201,4.7588,0.76884,0.024221,0.51809,0.71005,1.9045,0.9,0.9,0.95,0.0005,1
4.7136,1.2915,4.8291,0.88442,0.026683,0.53166,0.75025,9.0955,0.9,0.9,0.95,0.0005,1
4.402,1.8291,4.603,0.73869,0.028241,0.66131,0.76482,5.4774,0.9,0.9,0.95,0.0005,1
4.8593,1.6834,4.9296,0.81156,0.020302,0.55427,0.75327,4.9347,0.9,0.9,0.95,0.0005,1
4.9347,1.8593,4.0603,0.96482,0.02608,0.54372,0.79246,7.603,0.9,0.9,0.95,0.0005,1
4.794,1.005,4.4774,0.92211,0.025779,0.50905,0.72764,6.7437,0.9,0.9,0.95,0.0005,1
4.4422,1.8945,4,0.75628,0.026281,0.72161,0.79497,1.995,0.9,0.9,0.95,0.0005,1
4.206,1.608,4.1055,0.80402,0.020804,0.70804,0.77487,2.402,0.9,0.9,0.95,0.0005,1
4.809,1.2864,4.7889,0.61055,0.021055,0.73819,0.77437,5.4322,0.9,0.9,0.95,0.0005,1
4.1357,1.6281,4.2663,0.95729,0.020854,0.60251,0.74271,6.1106,0.9,0.9,0.95,0.0005,1
4.6382,1.1457,4.392,0.72362,0.025578,0.6206,0.70201,5.2965,0.9,0.9,0.95,0.0005,1
4.7236,1.6382,4.809,0.78894,0.021307,0.64322,0.7603,7.7387,0.9,0.9,0.95,0.0005,1
4.8191,1.7437,4.8744,0.67085,0.029447,0.75477,0.75578,5.3869,0.9,0.9,0.95,0.0005,1
4.7538,1.7286,4.1307,0.86181,0.022864,0.51357,0.77136,8.5075,0.9,0.9,0.95,0.0005,1
4.0804,1.191,4.7739,0.64824,0.025176,0.71256,0.72814,5.1156,0.9,0.9,0.95,0.0005,1
4.6533,1.9849,4.7387,0.75879,0.028342,0.78342,0.73216,5.794,0.9,0.9,0.95,0.0005,1
4.9698,1.8693,4.608,0.87688,0.025427,0.56332,0.75226,1.7688,0.9,0.9,0.95,0.0005,1
4.201,1.1106,4.4472,0.79146,0.025327,0.64171,0.7005,1.2714,0.9,0.9,0.95,0.0005,1
4.598,1.6583,4.1407,0.74121,0.02191,0.67035,0.79296,5.6583,0.9,0.9,0.95,0.0005,1
4.2312,1.5829,4.4523,0.82412,0.028392,0.71709,0.76834,2.1307,0.9,0.9,0.95,0.0005,1
4.9749,1.0955,4.2714,0.53266,0.029397,0.68543,0.7,7.1055,0.9,0.9,0.95,0.0005,1
4.5528,1.1307,4.2613,0.59296,0.026231,0.75628,0.73015,3.3065,0.9,0.9,0.95,0.0005,1
4.8995,1.5779,4.0151,0.9799,0.023618,0.71106,0.7804,6.9246,0.9,0.9,0.95,0.0005,1
4.4874,1.2462,4.2915,0.61558,0.026432,0.70201,0.79146,9.4121,0.9,0.9,0.95,0.0005,1
4.397,1.8342,4.3116,0.65327,0.026482,0.62965,0.74372,4.5729,0.9,0.9,0.95,0.0005,1
4.0653,1.0603,4.5427,0.5402,0.023065,0.6191,0.78693,8.1005,0.9,0.9,0.95,0.0005,1
4.9648,1.4975,4.6784,0.64322,0.022261,0.55879,0.72563,5.206,0.9,0.9,0.95,0.0005,1
4.7789,1.4171,4.9899,0.89698,0.022412,0.58442,0.71809,4.7085,0.9,0.9,0.95,0.0005,1
4.2261,1.8744,4.9799,0.71859,0.028945,0.57085,0.77839,1.2261,0.9,0.9,0.95,0.0005,1
4.7739,1.2312,4.9045,0.80905,0.029899,0.74724,0.7407,1.9497,0.9,0.9,0.95,0.0005,1
4.2764,1.2714,4.1508,0.9397,0.023116,0.62663,0.79095,2.4925,0.9,0.9,0.95,0.0005,1
4.3116,1.6935,4.6985,0.53015,0.026181,0.74422,0.75829,6.6985,0.9,0.9,0.95,0.0005,1
4.9849,1.4724,4.5729,0.91457,0.026884,0.69296,0.73568,5.8844,0.9,0.9,0.95,0.0005,1
4.9899,1.3618,4.6633,0.64573,0.027286,0.52261,0.72864,2.8543,0.9,0.9,0.95,0.0005,1
4.7186,1.4121,4.1357,0.63819,0.021508,0.55729,0.77889,9.5025,0.9,0.9,0.95,0.0005,1
4.5176,1.4925,4.6683,0.77889,0.022764,0.62513,0.78995,1,0.9,0.9,0.95,0.0005,1
4.4623,1.196,4.0503,0.97739,0.029749,0.62814,0.77035,9.8191,0.9,0.9,0.95,0.0005,1
4.5829,1.5578,4.0804,0.6005,0.027688,0.79698,0.74171,4.0302,0.9,0.9,0.95,0.0005,1
4.0352,1.2613,4.9548,0.95477,0.028191,0.77739,0.72312,4.1658,0.9,0.9,0.95,0.0005,1
4.9045,1.5226,4.5075,0.75126,0.02593,0.62211,0.70503,4.392,0.9,0.9,0.95,0.0005,1
4.3317,1.6332,4.5628,0.50251,0.021809,0.50754,0.74673,1.5427,0.9,0.9,0.95,0.0005,1
4.4171,1.0151,4.5528,0.83668,0.023769,0.59799,0.8,3.6683,0.9,0.9,0.95,0.0005,1
4.6935,1.7688,4.3869,0.66583,0.027889,0.55578,0.7392,3.4422,0.9,0.9,0.95,0.0005,1
4.4472,1.2563,4.3769,0.69095,0.028291,0.72764,0.75879,6.7889,0.9,0.9,0.95,0.0005,1
4.4824,1.7337,4.5025,0.54523,0.021357,0.75025,0.76985,1.1357,0.9,0.9,0.95,0.0005,1
4.8442,1.0352,4.7136,0.58291,0.024523,0.67186,0.79648,8.2362,0.9,0.9,0.95,0.0005,1
4.6884,1.809,4.9146,0.57789,0.024824,0.77588,0.70653,4.799,0.9,0.9,0.95,0.0005,1
4.4121,1.4472,4.0101,0.51005,0.026332,0.58894,0.78844,9.3668,0.9,0.9,0.95,0.0005,1
4.2915,1.2362,4.2412,0.55276,0.028894,0.54523,0.74322,8.5528,0.9,0.9,0.95,0.0005,1
4.5276,1.8995,4.4422,0.84171,0.020452,0.70503,0.73065,7.4221,0.9,0.9,0.95,0.0005,1
4.392,1.9447,4.3266,0.93719,0.02603,0.5,0.70905,8.6432,0.9,0.9,0.95,0.0005,1
4.7085,1.0452,4.0955,0.96734,0.020955,0.53467,0.74925,4.8442,0.9,0.9,0.95,0.0005,1
4.9397,1.8844,4.4975,0.52513,0.022161,0.73518,0.7809,1.5879,0.9,0.9,0.95,0.0005,1
4.0201,1.9749,4.6231,0.60804,0.023166,0.50603,0.76382,3.7588,0.9,0.9,0.95,0.0005,1
4.2362,1.1508,4.4121,0.68844,0.025477,0.77889,0.75075,1.6784,0.9,0.9,0.95,0.0005,1
4.8945,1.1608,4.1608,0.56281,0.024975,0.54221,0.70452,2.9447,0.9,0.9,0.95,0.0005,1
4.8844,1.4271,4.0302,0.60302,0.023869,0.61307,0.74824,9.6382,0.9,0.9,0.95,0.0005,1
4.5377,1.9146,4.5477,0.90201,0.029799,0.76985,0.73417,5.0251,0.9,0.9,0.95,0.0005,1
4.2613,1.4322,4.397,0.63317,0.020251,0.66884,0.76332,4.2111,0.9,0.9,0.95,0.0005,1
4.1407,1.0402,4.5377,0.66834,0.021457,0.60704,0.77387,4.5276,0.9,0.9,0.95,0.0005,1
4.1005,1.2764,4.5578,0.74372,0.029347,0.61759,0.70553,2.4472,0.9,0.9,0.95,0.0005,1
4.1206,1.6482,4.402,0.56533,0.026734,0.58141,0.71859,7.9648,0.9,0.9,0.95,0.0005,1
4.2563,1,4.0553,0.76633,0.028643,0.65226,0.76884,6.5176,0.9,0.9,0.95,0.0005,1
4.9246,1.8543,4.4573,0.55779,0.020352,0.75779,0.77186,3.0804,0.9,0.9,0.95,0.0005,1
4.5427,1.5678,4.4724,0.93467,0.022462,0.66281,0.72663,7.8291,0.9,0.9,0.95,0.0005,1
4.1809,1.3568,4.2111,0.82161,0.023668,0.77437,0.76583,1.0452,0.9,0.9,0.95,0.0005,1
4.3166,1.6432,4.8693,0.95226,0.027588,0.72613,0.72161,3.397,0.9,0.9,0.95,0.0005,1
4.1508,1.5528,4.6884,0.6407,0.029246,0.78643,0.77286,1.3618,0.9,0.9,0.95,0.0005,1
4.2412,1.7638,4.1859,0.50754,0.023015,0.63266,0.72211,9.3216,0.9,0.9,0.95,0.0005,1
4.8894,1.7789,4.2312,0.78141,0.02794,0.5392,0.78191,7.3769,0.9,0.9,0.95,0.0005,1
4.1307,1.8191,4.1759,0.94472,0.027236,0.51658,0.74121,9.7286,0.9,0.9,0.95,0.0005,1
4.9146,1.2814,4.9749,0.69849,0.02,0.64925,0.71709,4.6633,0.9,0.9,0.95,0.0005,1
4.5477,1.3367,4.407,0.94221,0.025276,0.66432,0.72965,4.3467,0.9,0.9,0.95,0.0005,1
4.3015,1.5075,4.3819,0.56784,0.020905,0.73367,0.75276,2.809,0.9,0.9,0.95,0.0005,1
4.4372,1.7739,4.7638,0.98744,0.025829,0.79095,0.76181,3.0352,0.9,0.9,0.95,0.0005,1
4.2462,1.392,4.7437,0.83417,0.022312,0.52111,0.73367,7.2864,0.9,0.9,0.95,0.0005,1
4.4322,1.7588,4.191,0.70101,0.023367,0.76382,0.75678,4.8894,0.9,0.9,0.95,0.0005,1
4.1256,1.1658,4.0201,0.55025,0.027739,0.55126,0.73317,2.1759,0.9,0.9,0.95,0.0005,1
4.2111,1.4874,4.6533,0.96985,0.024472,0.7397,0.71759,1.7236,0.9,0.9,0.95,0.0005,1
4.6181,1.3719,4.0251,0.83166,0.024774,0.62362,0.72462,1.407,0.9,0.9,0.95,0.0005,1
4.9598,1.3467,4.7688,0.92714,0.029296,0.75327,0.73819,9.2764,0.9,0.9,0.95,0.0005,1
4.4673,1.5427,4.4271,0.8995,0.020101,0.61005,0.75176,2.3116,0.9,0.9,0.95,0.0005,1
4.9447,1.9347,4.0704,0.79397,0.023719,0.67789,0.70704,7.3317,0.9,0.9,0.95,0.0005,1
4.804,1.2261,4.5678,0.57538,0.020603,0.65829,0.77588,5.9296,0.9,0.9,0.95,0.0005,1
4.0905,1.7186,4.3065,0.90955,0.020503,0.69447,0.79698,8.2814,0.9,0.9,0.95,0.0005,1
4.5075,1.407,4.7538,0.96231,0.027085,0.65075,0.76734,1.4523,0.9,0.9,0.95,0.0005,1
5,1.3668,4.3367,0.94724,0.026382,0.58291,0.79548,9.005,0.9,0.9,0.95,0.0005,1
4.2161,1.3166,4.6935,0.71608,0.027136,0.54975,0.74523,1.8593,0.9,0.9,0.95,0.0005,1
4.6482,1.5729,4.9347,0.99749,0.02809,0.57387,0.78291,2.0854,0.9,0.9,0.95,0.0005,1
4.0704,1.2111,4.7286,0.98492,0.020402,0.56633,0.76935,9.6834,0.9,0.9,0.95,0.0005,1
4.3618,1.6181,4.8392,0.53518,0.029045,0.8,0.72714,9.5477,0.9,0.9,0.95,0.0005,1
4,1.4422,4.6181,0.51256,0.022362,0.71558,0.74573,9.593,0.9,0.9,0.95,0.0005,1
4.6231,1.0101,4.3568,0.79648,0.025678,0.55276,0.78894,7.196,0.9,0.9,0.95,0.0005,1
4.995,1.5377,4.8844,0.9196,0.027035,0.67638,0.75477,4.2563,0.9,0.9,0.95,0.0005,1
4.8643,1.9648,4.8241,0.74874,0.026985,0.73668,0.74724,3.8492,0.9,0.9,0.95,0.0005,1
4.1759,1.5327,4.2764,0.59548,0.029196,0.74121,0.70101,7.5126,0.9,0.9,0.95,0.0005,1
4.5779,1.9246,4.4623,0.54774,0.022814,0.79397,0.72261,2.0402,0.9,0.9,0.95,0.0005,1
4.407,1.5879,4.6281,0.5,0.021206,0.76231,0.76231,2.2663,0.9,0.9,0.95,0.0005,1
4.3518,1.6131,4.1005,0.65578,0.023317,0.5196,0.75729,6.0201,0.9,0.9,0.95,0.0005,1
4.1106,1.0704,4.2261,0.75377,0.021608,0.65528,0.7397,8.9598,0.9,0.9,0.95,0.0005,1
4.7035,1.8492,4.2864,0.71357,0.02206,0.78794,0.71407,1.0905,0.9,0.9,0.95,0.0005,1
4.6281,1.4372,4.9447,0.70603,0.029648,0.58593,0.77236,3.3518,0.9,0.9,0.95,0.0005,1
4.6834,1.0302,4.8543,0.59045,0.021005,0.6402,0.79749,5.3417,0.9,0.9,0.95,0.0005,1
4.3216,1.9598,4.8342,0.52261,0.028844,0.71859,0.79397,2.6281,0.9,0.9,0.95,0.0005,1
4.7889,1.8141,4.0653,0.65829,0.022714,0.68844,0.7191,1.8141,0.9,0.9,0.95,0.0005,1
4.7638,1.3065,4.804,0.51508,0.02804,0.58744,0.73869,4.7538,0.9,0.9,0.95,0.0005,1
4.005,1.4623,4.9397,0.98241,0.029598,0.70352,0.76683,3.8945,0.9,0.9,0.95,0.0005,1
4.6583,1.3819,4.4874,0.57035,0.029497,0.54824,0.7995,8.0553,0.9,0.9,0.95,0.0005,1
4.5678,1.3769,4.8794,0.85176,0.027437,0.72462,0.76131,7.6935,0.9,0.9,0.95,0.0005,1
4.0151,1.4221,4.4824,0.86683,0.02598,0.65678,0.7598,2.7186,0.9,0.9,0.95,0.0005,1
4.0854,1.1206,4.2161,0.77136,0.029698,0.52864,0.75779,3.4874,0.9,0.9,0.95,0.0005,1
4.4221,1.9548,4.6734,0.54271,0.03,0.72312,0.72412,5.0704,0.9,0.9,0.95,0.0005,1
4.3719,1.3116,4.8945,0.91206,0.020704,0.6794,0.71508,7.6482,0.9,0.9,0.95,0.0005,1
4.9548,1.7085,4.5126,0.8191,0.025729,0.73065,0.79799,6.5628,0.9,0.9,0.95,0.0005,1
4.1156,1.1055,4.1457,0.82663,0.024422,0.57839,0.74774,8.1457,0.9,0.9,0.95,0.0005,1
4.4724,1.2211,4.9095,0.5804,0.027638,0.5995,0.75126,3.5779,0.9,0.9,0.95,0.0005,1
4.8342,1.0251,4.8141,0.50503,0.024724,0.60553,0.74472,7.9196,0.9,0.9,0.95,0.0005,1
4.7688,1.7387,4.2513,0.69598,0.028794,0.76533,0.73668,7.8744,0.9,0.9,0.95,0.0005,1
4.191,1.7035,4.3467,0.70854,0.028593,0.52563,0.7402,3.9397,0.9,0.9,0.95,0.0005,1
4.8392,1.2513,4.6332,0.73116,0.028693,0.63719,0.78141,8.9146,0.9,0.9,0.95,0.0005,1
4.0603,1.5628,4.5327,1,0.022563,0.7593,0.70251,4.4824,0.9,0.9,0.95,0.0005,1
4.0402,1.4824,4.1558,0.67588,0.026834,0.74573,0.75377,6.608,0.9,0.9,0.95,0.0005,1
4.3266,1.1256,4.4171,0.57286,0.029849,0.60402,0.70352,4.6181,0.9,0.9,0.95,0.0005,1
4.0955,1.8392,4.8593,0.71106,0.027839,0.56784,0.78945,2.2211,0.9,0.9,0.95,0.0005,1
4.2814,1.9296,4.1658,0.77638,0.026784,0.60854,0.70854,7.0603,0.9,0.9,0.95,0.0005,1
4.608,1.7487,4.0754,0.51759,0.022211,0.57538,0.73719,8.8693,0.9,0.9,0.95,0.0005,1
4.0452,1.6683,4.6382,0.52764,0.020653,0.63417,0.72613,7.1508,0.9,0.9,0.95,0.0005,1
4.0553,1.2965,4.8995,0.88191,0.025377,0.50302,0.75427,1.3166,0.9,0.9,0.95,0.0005,1
4.5879,1.794,4.5779,0.78392,0.025025,0.71407,0.79045,3.9849,0.9,0.9,0.95,0.0005,1
