4.0201,1.8693,4.1307,0.92211,0.025628,0.7397,0.73668,8.2412,0.9,0.9,0.95,0.0005,1
4.2111,1.1759,4.9598,0.77638,0.025678,0.64774,0.74472,9.5226,0.9,0.9,0.95,0.0005,1
4.9598,1.201,4.9196,0.71859,0.02397,0.56482,0.7201,6.9849,0.9,0.9,0.95,0.0005,1
4.0503,1.1608,4.6332,0.69095,0.028995,0.53317,0.7392,8.4422,0.9,0.9,0.95,0.0005,1
4.6131,1.392,4.7889,0.69598,0.028643,0.61608,0.74121,9.9497,0.9,0.9,0.95,0.0005,1
4.794,1.9799,4.5829,0.97739,0.028141,0.54523,0.71407,7.8894,0.9,0.9,0.95,0.0005,1
4.9146,1.1809,4.0804,0.65578,0.020251,0.76834,0.77789,5.3015,0.9,0.9,0.95,0.0005,1
4.6181,1.6231,4.7437,0.93216,0.025829,0.51206,0.73216,5.804,0.9,0.9,0.95,0.0005,1
4.0704,1.6382,4.0402,0.71357,0.022111,0.5,0.78844,9.1709,0.9,0.9,0.95,0.0005,1
4.1206,1.4573,4.8392,0.71608,0.029899,0.70352,0.77186,7.3869,0.9,0.9,0.95,0.0005,1
4.3869,1.2312,4.6482,0.5,0.028844,0.60101,0.79849,9.8995,0.9,0.9,0.95,0.0005,1
4.5176,1.2362,4.8744,0.52513,0.021106,0.65377,0.71658,6.206,0.9,0.9,0.95,0.0005,1
4.2412,1.8342,4.6884,0.83166,0.024171,0.73668,0.79296,8.3417,0.9,0.9,0.95,0.0005,1
4.7638,1.5477,4.9799,0.73618,0.027487,0.78945,0.75176,6.1558,0.9,0.9,0.95,0.0005,1
4.6784,1.1407,4.3568,0.73367,0.024623,0.75327,0.75327,5.9296,0.9,0.9,0.95,0.0005,1
4.4975,1.2412,4.3719,0.63065,0.023518,0.75025,0.77085,5.3266,0.9,0.9,0.95,0.0005,1
4.3719,1.1508,4.9497,0.54523,0.02201,0.71558,0.70905,9.0704,0.9,0.9,0.95,0.0005,1
4.3166,1.7035,4.2663,0.98744,0.026734,0.77136,0.78291,8.794,0.9,0.9,0.95,0.0005,1
4.201,1.8945,4.804,0.52261,0.029799,0.68543,0.79045,7.7387,0.9,0.9,0.95,0.0005,1
4.4422,1.402,4.5779,0.90201,0.020653,0.75176,0.71156,5.4774,0.9,0.9,0.95,0.0005,1
4.4372,1.4422,4.7286,0.74372,0.027437,0.56332,0.70201,5.201,0.9,0.9,0.95,0.0005,1
4.9095,1.9698,4.6683,0.75126,0.025729,0.53015,0.77286,6.1055,0.9,0.9,0.95,0.0005,1
4.1156,1.3819,4.0151,0.91206,0.029196,0.65829,0.7397,6.608,0.9,0.9,0.95,0.0005,1
4.191,1.196,4.397,0.88693,0.028794,0.76231,0.73568,5.1256,0.9,0.9,0.95,0.0005,1
4.5729,1.4774,4.4523,0.8593,0.020101,0.5392,0.75528,6.4824,0.9,0.9,0.95,0.0005,1
4.9698,1.6533,4.0503,0.72613,0.021005,0.6794,0.73166,8.5427,0.9,0.9,0.95,0.0005,1
4.593,1.6482,4.0603,0.77136,0.023668,0.75628,0.79397,8.8945,0.9,0.9,0.95,0.0005,1
4.1759,1.5226,4.8995,0.66834,0.026281,0.69447,0.75779,8.3166,0.9,0.9,0.95,0.0005,1
4.995,1.5779,4.9698,0.6206,0.027839,0.69598,0.73819,5.2261,0.9,0.9,0.95,0.0005,1
4.5879,1.3166,4.4221,0.78392,0.029548,0.66734,0.7593,7.7889,0.9,0.9,0.95,0.0005,1
4.3116,1.6935,4.5377,0.93719,0.029095,0.78794,0.73618,6.6834,0.9,0.9,0.95,0.0005,1
4.8141,1.3467,4.8894,0.61809,0.02191,0.76985,0.76633,5.3518,0.9,0.9,0.95,0.0005,1
4.1457,1.0302,4.2261,0.67337,0.021508,0.64925,0.71106,9.4221,0.9,0.9,0.95,0.0005,1
4.7136,1.1457,4.0854,0.73869,0.02392,0.57236,0.78392,9.3719,0.9,0.9,0.95,0.0005,1
4.5377,1.6985,4.8442,0.94724,0.024271,0.58291,0.72714,8.8693,0.9,0.9,0.95,0.0005,1
4.1508,1.5025,4.1809,0.62563,0.020955,0.5407,0.78744,7.4874,0.9,0.9,0.95,0.0005,1
4.7789,1.005,4.0201,0.77387,0.023065,0.58442,0.72663,9.2714,0.9,0.9,0.95,0.0005,1
4.7236,1,4.6784,0.5603,0.024673,0.57688,0.73065,9.6985,0.9,0.9,0.95,0.0005,1
4.5628,1.8794,4.1005,0.9196,0.02005,0.67487,0.70452,7.3367,0.9,0.9,0.95,0.0005,1
4.2563,1.4271,4.6633,0.95477,0.023769,0.61307,0.73367,9.0201,0.9,0.9,0.95,0.0005,1
4.3467,1.1859,4.7638,0.62312,0.022261,0.55427,0.79698,8.2161,0.9,0.9,0.95,0.0005,1
4.8643,1.8844,4.1457,0.88442,0.023317,0.68392,0.70251,8.0402,0.9,0.9,0.95,0.0005,1
4.2261,1.2764,4.4573,0.8392,0.023266,0.74573,0.74271,5.8794,0.9,0.9,0.95,0.0005,1
4.2915,1.2814,4.0101,0.54774,0.027387,0.72312,0.74774,5.7538,0.9,0.9,0.95,0.0005,1
4.3216,1.3869,4.2412,0.51005,0.028241,0.66583,0.77437,9.8744,0.9,0.9,0.95,0.0005,1
4.4925,1.7889,4.6181,0.96231,0.027588,0.52412,0.76332,8.0653,0.9,0.9,0.95,0.0005,1
4.0151,1.7186,4.407,0.57035,0.029648,0.7005,0.77638,6.3317,0.9,0.9,0.95,0.0005,1
4.9799,1.8241,4.6935,0.85427,0.028543,0.60251,0.75226,6.8844,0.9,0.9,0.95,0.0005,1
4.6985,1.2513,4.3367,0.74623,0.028945,0.58744,0.77688,8.593,0.9,0.9,0.95,0.0005,1
4.4472,1.6633,4.6985,0.74874,0.021709,0.56784,0.7809,7.1106,0.9,0.9,0.95,0.0005,1
4.1709,1.7789,4.0302,0.70603,0.024422,0.71709,0.76231,9.0452,0.9,0.9,0.95,0.0005,1
5,1.4724,4.201,0.82663,0.022864,0.55879,0.74975,7.9648,0.9,0.9,0.95,0.0005,1
4.2814,1.7437,4.9648,0.81658,0.022714,0.66131,0.70854,7.5628,0.9,0.9,0.95,0.0005,1
4.0302,1.7487,4.4271,0.61307,0.025779,0.51357,0.72312,6.3568,0.9,0.9,0.95,0.0005,1
4.1307,1.1357,4.6734,0.80151,0.026784,0.57085,0.78543,6.5829,0.9,0.9,0.95,0.0005,1
4.5276,1.7085,4.1859,0.82412,0.02608,0.74874,0.79246,5.5528,0.9,0.9,0.95,0.0005,1
4.4724,1.6683,4.7538,0.56784,0.025176,0.52261,0.76382,7.2864,0.9,0.9,0.95,0.0005,1
4.9196,1.7588,4.1759,0.87186,0.021759,0.79246,0.7191,9.4975,0.9,0.9,0.95,0.0005,1
4.6935,1.8894,4.6583,0.6005,0.021608,0.50452,0.75628,6.9598,0.9,0.9,0.95,0.0005,1
4.4673,1.0101,4.8693,0.65075,0.021558,0.6191,0.78492,5.7286,0.9,0.9,0.95,0.0005,1
4.4221,1.3618,4.0955,0.91709,0.020754,0.73819,0.75075,7.9397,0.9,0.9,0.95,0.0005,1
4.5678,1.0905,4.4372,0.92462,0.026131,0.70804,0.79447,5.5276,0.9,0.9,0.95,0.0005,1
4.3769,1.9146,4.0251,0.58543,0.026231,0.56935,0.7206,7.0854,0.9,0.9,0.95,0.0005,1
4.6633,1.5126,4.2814,0.79146,0.02593,0.54975,0.77588,6.9347,0.9,0.9,0.95,0.0005,1
4.1558,1.9497,4.0754,0.9799,0.029246,0.55276,0.74673,8.6683,0.9,0.9,0.95,0.0005,1
4.7588,1.2965,4.9095,0.90704,0.022613,0.76683,0.74523,7.0603,0.9,0.9,0.95,0.0005,1
4.6432,1.2111,4.4673,0.55779,0.020854,0.7608,0.77337,8.1407,0.9,0.9,0.95,0.0005,1
4.9849,1.9397,4.3116,0.88945,0.023216,0.74422,0.7804,6.7839,0.9,0.9,0.95,0.0005,1
4.1055,2,4.5427,0.83417,0.021307,0.71859,0.76884,7.7136,0.9,0.9,0.95,0.0005,1
4.1859,1.4221,4.0905,0.90955,0.025276,0.64322,0.70151,5.0251,0.9,0.9,0.95,0.0005,1
4.6332,1.0553,4.2513,0.66583,0.020603,0.61156,0.71005,7.4121,0.9,0.9,0.95,0.0005,1
4.1658,1.1106,4.4925,0.89698,0.026432,0.61457,0.79749,9.2462,0.9,0.9,0.95,0.0005,1
4.0452,1.799,4.5528,0.57286,0.027889,0.57387,0.70603,9.4724,0.9,0.9,0.95,0.0005,1
4.5477,1.6834,4.206,0.65829,0.021407,0.70955,0.73417,8.7688,0.9,0.9,0.95,0.0005,1
4.8693,1.3417,4.799,0.76633,0.023015,0.62513,0.73719,8.5678,0.9,0.9,0.95,0.0005,1
4.1809,1.6734,4.8945,0.67588,0.021809,0.75477,0.7995,7.8141,0.9,0.9,0.95,0.0005,1
4.8492,1.0251,4.3166,0.70101,0.022563,0.69146,0.72613,6.4322,0.9,0.9,0.95,0.0005,1
4.3618,1.6784,4.2864,0.53518,0.024121,0.61005,0.71859,9.397,0.9,0.9,0.95,0.0005,1
4.6884,1.0402,4.1206,0.98492,0.025879,0.72161,0.75578,5.6281,0.9,0.9,0.95,0.0005,1
4.7387,1.407,4.3869,0.66332,0.024925,0.56181,0.72563,6.0804,0.9,0.9,0.95,0.0005,1
4.005,1.6332,4.7085,0.99246,0.028593,0.58141,0.78241,7.0101,0.9,0.9,0.95,0.0005,1
4.9447,1.8643,4.4121,0.89196,0.022915,0.6598,0.76181,5,0.9,0.9,0.95,0.0005,1
4.7839,1.9849,4.7839,0.90452,0.029497,0.75779,0.72211,7.8392,0.9,0.9,0.95,0.0005,1
4.196,1.5176,4.8141,0.95226,0.023417,0.5799,0.75678,7.1859,0.9,0.9,0.95,0.0005,1
4.5427,1.0854,4.8643,0.81156,0.028492,0.52714,0.7,6.809,0.9,0.9,0.95,0.0005,1
4.2312,1.3317,4.8492,0.97487,0.021256,0.77437,0.73769,5.1005,0.9,0.9,0.95,0.0005,1
4.0754,1.2261,4.809,0.89447,0.027035,0.70503,0.74171,6.5327,0.9,0.9,0.95,0.0005,1
4.6281,1.2211,4.7487,0.79899,0.021457,0.62663,0.70704,7.0352,0.9,0.9,0.95,0.0005,1
4.4271,1.4322,4.2462,0.59296,0.026834,0.78643,0.72261,5.7789,0.9,0.9,0.95,0.0005,1
4.598,1.191,4.4322,0.5201,0.026583,0.68995,0.7005,7.6884,0.9,0.9,0.95,0.0005,1
4.9749,1.794,4.5226,0.59548,0.02206,0.65075,0.79146,5.9799,0.9,0.9,0.95,0.0005,1
4.8593,1.5829,4.3618,0.59799,0.027236,0.61759,0.70653,6.6332,0.9,0.9,0.95,0.0005,1
4.2462,1.3015,4.0653,0.78643,0.022814,0.68693,0.71558,9.9246,0.9,0.9,0.95,0.0005,1
4.8191,1.1558,4.8844,0.96985,0.027136,0.60704,0.72965,6.7085,0.9,0.9,0.95,0.0005,1
4.7487,1.0704,4.794,0.6407,0.026985,0.64472,0.72462,6.1307,0.9,0.9,0.95,0.0005,1
4.2764,1.4472,4.6432,0.86935,0.026633,0.72613,0.78643,5.402,0.9,0.9,0.95,0.0005,1
4.3819,1.0201,4.3668,0.6809,0.02809,0.51658,0.79598,9.9749,0.9,0.9,0.95,0.0005,1
4.8241,1.2714,4.6131,0.84673,0.027337,0.56633,0.76683,5.603,0.9,0.9,0.95,0.0005,1
4.4523,1.5578,4.9347,0.94975,0.022663,0.69296,0.77236,7.2111,0.9,0.9,0.95,0.0005,1
4.402,1.7538,4.6281,0.8794,0.027286,0.8,0.72864,8.9447,0.9,0.9,0.95,0.0005,1
4.9296,1.8291,4.8191,0.98995,0.024874,0.74271,0.75377,7.6633,0.9,0.9,0.95,0.0005,1
4.0251,1.2864,4.5075,0.86181,0.026332,0.63116,0.78442,7.9899,0.9,0.9,0.95,0.0005,1
4.6482,1.804,4.593,0.76382,0.020352,0.53769,0.71457,7.2613,0.9,0.9,0.95,0.0005,1
4.8995,1.1307,4.2915,0.96482,0.023367,0.71106,0.72161,5.4523,0.9,0.9,0.95,0.0005,1
4.9397,1.8744,4.3266,0.5402,0.025126,0.79698,0.73015,5.2764,0.9,0.9,0.95,0.0005,1
4.9497,1.1256,4.1658,0.99749,0.028291,0.74724,0.73518,9.5729,0.9,0.9,0.95,0.0005,1
4.608,1.9095,4.7688,0.69347,0.024372,0.65226,0.71809,9.2211,0.9,0.9,0.95,0.0005,1
4.397,1.9447,4.9849,0.50503,0.02598,0.67638,0.78342,9.1457,0.9,0.9,0.95,0.0005,1
4.8794,1.4171,4.191,0.8191,0.023869,0.66884,0.7598,6.3065,0.9,0.9,0.95,0.0005,1
4.809,1.9246,4.3467,0.64824,0.020402,0.50151,0.76281,8.4171,0.9,0.9,0.95,0.0005,1
4.2362,1.7739,4.0452,0.51256,0.022362,0.62211,0.74824,5.9045,0.9,0.9,0.95,0.0005,1
4.5829,1.3266,4.2563,0.92714,0.022462,0.58894,0.70553,9.598,0.9,0.9,0.95,0.0005,1
4.2161,1.608,4.7789,0.79648,0.025327,0.63568,0.75729,7.5377,0.9,0.9,0.95,0.0005,1
4.3518,1.6131,4.7739,0.5804,0.023166,0.52111,0.73116,6.005,0.9,0.9,0.95,0.0005,1
4.9246,1.2462,4.7186,0.58291,0.029347,0.76382,0.77035,9.7236,0.9,0.9,0.95,0.0005,1
4.1106,1.0955,4.1357,0.95729,0.024221,0.77889,0.73317,8.6181,0.9,0.9,0.95,0.0005,1
4.0804,1.8442,4.2161,0.70854,0.026884,0.5603,0.79196,5.4271,0.9,0.9,0.95,0.0005,1
4.5226,1.6583,4.5879,0.68593,0.028442,0.72462,0.77889,7.2362,0.9,0.9,0.95,0.0005,1
4.5075,1.397,4.402,0.62814,0.029296,0.50754,0.79497,6.0302,0.9,0.9,0.95,0.0005,1
4.6834,1.6884,4.3417,0.83668,0.020452,0.69899,0.76734,9.3216,0.9,0.9,0.95,0.0005,1
4.7688,1.4925,4.9296,0.91457,0.023819,0.59799,0.74422,7.5879,0.9,0.9,0.95,0.0005,1
4.1357,1.0503,4.7588,0.72362,0.028392,0.66432,0.73467,8.1156,0.9,0.9,0.95,0.0005,1
4.3065,1.5879,4.4975,0.85678,0.028693,0.58593,0.74724,5.5779,0.9,0.9,0.95,0.0005,1
4.206,1.9548,4.9899,0.9598,0.024975,0.7804,0.75879,9.7739,0.9,0.9,0.95,0.0005,1
4.3015,1.3568,4.5276,0.68342,0.028191,0.55126,0.70754,6.5075,0.9,0.9,0.95,0.0005,1
4.4874,1.5327,4.4824,0.73116,0.026533,0.64171,0.76834,8.3668,0.9,0.9,0.95,0.0005,1
4.2513,1.3518,4.9397,0.52764,0.020201,0.79548,0.73869,8.392,0.9,0.9,0.95,0.0005,1
4.0955,1.3065,4.995,0.84171,0.02799,0.51508,0.78794,9.0955,0.9,0.9,0.95,0.0005,1
4.6683,1.1709,4.6834,0.76131,0.029447,0.65528,0.78945,5.8543,0.9,0.9,0.95,0.0005,1
4.9899,1.7839,4.5729,0.84925,0.029698,0.78342,0.74623,8.6432,0.9,0.9,0.95,0.0005,1
4.0553,1.4824,4.5578,0.87437,0.029397,0.57839,0.75025,5.7035,0.9,0.9,0.95,0.0005,1
4.5779,1.4623,4.608,0.64322,0.025075,0.77588,0.73266,9.2965,0.9,0.9,0.95,0.0005,1
4,1.7286,4.2362,0.78894,0.023618,0.79397,0.70302,5.1759,0.9,0.9,0.95,0.0005,1
4.5578,1.1055,4.1106,0.76884,0.022312,0.59347,0.77839,6.6583,0.9,0.9,0.95,0.0005,1
4.8442,1.3216,4.6382,0.60302,0.021156,0.60854,0.76131,7.4623,0.9,0.9,0.95,0.0005,1
4.0854,1.206,4.2965,0.72111,0.026482,0.57538,0.79799,6.7337,0.9,0.9,0.95,0.0005,1
4.0101,1.9899,4.8291,0.61558,0.024774,0.77739,0.77538,5.6533,0.9,0.9,0.95,0.0005,1
4.3367,1.1156,4.4623,0.53266,0.022211,0.54221,0.7196,9.6734,0.9,0.9,0.95,0.0005,1
4.8744,1.5377,4.5176,0.8995,0.022965,0.73216,0.72814,6.0553,0.9,0.9,0.95,0.0005,1
4.4623,1.7236,4.9447,0.50754,0.025226,0.79095,0.78593,8.4673,0.9,0.9,0.95,0.0005,1
4.6533,1.5678,4.8794,0.97236,0.021859,0.59196,0.75477,6.8593,0.9,0.9,0.95,0.0005,1
4.9548,1.9648,4.3015,0.75628,0.027688,0.79849,0.76935,8.8191,0.9,0.9,0.95,0.0005,1
4.0905,1.6432,4,0.68844,0.028342,0.70653,0.70804,8.2663,0.9,0.9,0.95,0.0005,1
4.3417,1.8995,4.603,0.58794,0.024322,0.55729,0.7794,5.0754,0.9,0.9,0.95,0.0005,1
4.392,1.9045,4.9045,0.51508,0.021206,0.63417,0.79899,9.6482,0.9,0.9,0.95,0.0005,1
4.1005,1.5075,4.7136,0.63568,0.020704,0.77286,0.70503,8.0151,0.9,0.9,0.95,0.0005,1
4.7437,1.5628,4.3065,0.80905,0.024724,0.73367,0.77739,6.5578,0.9,0.9,0.95,0.0005,1
4.2864,1.8141,4.1558,0.75879,0.023467,0.5196,0.71055,5.1508,0.9,0.9,0.95,0.0005,1
4.7889,1.8392,4.392,0.99497,0.027085,0.54673,0.7608,6.1809,0.9,0.9,0.95,0.0005,1
4.4322,1.2915,4.7236,0.61055,0.029598,0.60553,0.78693,6.2563,0.9,0.9,0.95,0.0005,1
4.8844,1.7136,4.8593,0.80402,0.022161,0.59648,0.76533,7.4372,0.9,0.9,0.95,0.0005,1
4.7035,1.2161,4.1709,0.79397,0.024523,0.71407,0.75427,9.3467,0.9,0.9,0.95,0.0005,1
4.804,1.995,4.4422,0.55025,0.020503,0.55578,0.78894,6.4573,0.9,0.9,0.95,0.0005,1
4.7186,1.0653,4.2613,0.55528,0.02407,0.50905,0.78191,7.7638,0.9,0.9,0.95,0.0005,1
4.4171,1.9598,4.1407,0.56533,0.02402,0.51055,0.8,6.3819,0.9,0.9,0.95,0.0005,1
4.6382,1.3668,4.8241,0.74121,0.024824,0.50603,0.75276,6.9095,0.9,0.9,0.95,0.0005,1
4.2211,1.5427,4.2714,0.85176,0.029045,0.52864,0.77387,9.1206,0.9,0.9,0.95,0.0005,1
4.9648,1.7688,4.1608,0.53015,0.025578,0.73065,0.74372,8.7437,0.9,0.9,0.95,0.0005,1
4.7337,1.0754,4.2312,0.72864,0.02,0.63869,0.76985,8.7186,0.9,0.9,0.95,0.0005,1
4.6231,1.5276,4.9246,0.59045,0.020151,0.62814,0.70955,8.6935,0.9,0.9,0.95,0.0005,1
4.7538,1.9749,4.196,0.84422,0.020905,0.67035,0.72915,9.5477,0.9,0.9,0.95,0.0005,1
4.3568,1.7337,4.0553,0.94221,0.02995,0.74121,0.72764,9.799,0.9,0.9,0.95,0.0005,1
4.5528,1.7387,4.2764,0.98241,0.03,0.54372,0.74322,8.995,0.9,0.9,0.95,0.0005,1
4.5327,1.5729,4.4171,1,0.020804,0.67337,0.70352,6.7588,0.9,0.9,0.95,0.0005,1
4.407,1.7638,4.7387,0.50251,0.025427,0.68844,0.74925,7.9146,0.9,0.9,0.95,0.0005,1
4.2613,1.9196,4.3317,0.57789,0.023568,0.67186,0.79347,9.4472,0.9,0.9,0.95,0.0005,1
4.0603,1.598,4.4874,0.63317,0.022412,0.62362,0.74221,8.9698,0.9,0.9,0.95,0.0005,1
4.5025,1.2563,4.2111,0.69849,0.020553,0.6809,0.71357,7.1608,0.9,0.9,0.95,0.0005,1
4.2714,1.0452,5,0.57538,0.025025,0.53166,0.71608,7.3618,0.9,0.9,0.95,0.0005,1
4.4774,1.6181,4.8342,0.9397,0.023116,0.7201,0.71256,5.9548,0.9,0.9,0.95,0.0005,1
4.8342,1.4523,4.9548,0.86432,0.026382,0.70201,0.78141,8.2915,0.9,0.9,0.95,0.0005,1
4.3266,1.8492,4.7035,0.70352,0.029749,0.69749,0.77487,9.6231,0.9,0.9,0.95,0.0005,1
4.4121,1.2613,4.3819,0.56281,0.023719,0.67789,0.76482,8.5176,0.9,0.9,0.95,0.0005,1
4.6583,1.0603,4.5327,0.75377,0.026181,0.76533,0.74573,5.8291,0.9,0.9,0.95,0.0005,1
4.9347,1.0151,4.6533,0.92965,0.027186,0.78492,0.71206,6.8342,0.9,0.9,0.95,0.0005,1
4.0402,1.4121,4.005,0.64573,0.027638,0.78191,0.75829,7.8643,0.9,0.9,0.95,0.0005,1
4.603,1.3367,4.5628,0.67839,0.02196,0.52563,0.79095,9.8492,0.9,0.9,0.95,0.0005,1
4.7739,1.6281,4.3769,0.80653,0.027739,0.65678,0.76432,5.3769,0.9,0.9,0.95,0.0005,1
4.3317,1.9347,4.9749,0.60553,0.026935,0.71256,0.76784,7.6382,0.9,0.9,0.95,0.0005,1
4.4824,1.603,4.0352,0.93467,0.029146,0.72764,0.77136,8.191,0.9,0.9,0.95,0.0005,1
4.1608,1.0804,4.1508,0.60804,0.021055,0.7593,0.72111,5.5025,0.9,0.9,0.95,0.0005,1
4.8543,1.4975,4.5126,0.55276,0.028894,0.53467,0.71759,8.9196,0.9,0.9,0.95,0.0005,1
4.0352,1.1005,4.1055,0.67085,0.024573,0.73518,0.76583,7.6131,0.9,0.9,0.95,0.0005,1
4.799,1.4874,4.1256,0.87688,0.025377,0.68241,0.7603,7.1357,0.9,0.9,0.95,0.0005,1
4.5126,1.1658,4.9146,0.94472,0.027538,0.53618,0.70101,6.2814,0.9,0.9,0.95,0.0005,1
4.2965,1.3116,4.3216,0.86683,0.021658,0.64623,0.78995,5.6784,0.9,0.9,0.95,0.0005,1
4.1407,1.8593,4.8543,0.63819,0.020302,0.63266,0.72362,8.4925,0.9,0.9,0.95,0.0005,1
4.8392,1.593,4.598,0.82915,0.02804,0.72915,0.7402,10,0.9,0.9,0.95,0.0005,1
4.8945,1.5528,4.6231,0.71106,0.025477,0.50302,0.70402,7.5126,0.9,0.9,0.95,0.0005,1
4.9045,1.1206,4.1156,0.81407,0.022513,0.59045,0.7407,6.2312,0.9,0.9,0.95,0.0005,1
4.2663,1.4372,4.3518,0.53769,0.024472,0.5995,0.7799,9.7487,0.9,0.9,0.95,0.0005,1
4.0653,1.9296,4.4774,0.54271,0.02603,0.54824,0.74874,8.1658,0.9,0.9,0.95,0.0005,1
4.4573,1.2663,4.4724,0.82161,0.022764,0.59497,0.72412,8.0905,0.9,0.9,0.95,0.0005,1
4.6734,1.0352,4.7337,0.51759,0.027789,0.6402,0.75126,5.2513,0.9,0.9,0.95,0.0005,1
4.1256,1.4673,4.5025,0.77889,0.025528,0.63719,0.71709,9.8241,0.9,0.9,0.95,0.0005,1
4.3668,1.8191,4.4472,0.78141,0.026683,0.51809,0.79648,5.0503,0.9,0.9,0.95,0.0005,1
4.7286,1.3769,4.2211,0.6608,0.028744,0.6206,0.72513,7.3116,0.9,0.9,0.95,0.0005,1
4.8291,1.8543,4.5477,0.88191,0.029849,0.66281,0.79548,9.196,0.9,0.9,0.95,0.0005,1
4.7085,1.809,4.5678,0.65327,0.021357,0.60402,0.71508,8.8442,0.9,0.9,0.95,0.0005,1
4.8894,1.3719,4.0704,0.96734,0.02794,0.62965,0.71307,6.407,0.9,0.9,0.95,0.0005,1
