Step,TotalNumber,Age,Education,Province
0.0,5,21.4,7.4,
1.0,5,21.4,7.4,
2.0,5,21.4,7.4,
3.0,6,22.166666666666668,7.166666666666667,
4.0,6,22.166666666666668,7.166666666666667,
5.0,6,22.166666666666668,7.166666666666667,
6.0,6,22.166666666666668,7.166666666666667,
7.0,6,22.166666666666668,7.166666666666667,
8.0,6,22.166666666666668,7.166666666666667,
9.0,6,22.166666666666668,7.166666666666667,
10.0,6,22.166666666666668,7.166666666666667,
11.0,8,21.75,7.625,
12.0,11,21.09090909090909,8.0,
13.0,11,21.09090909090909,8.0,
14.0,12,20.666666666666668,8.083333333333334,
15.0,12,20.666666666666668,8.083333333333334,
16.0,14,20.642857142857142,8.214285714285714,
17.0,15,20.866666666666667,8.266666666666667,
18.0,15,20.866666666666667,8.266666666666667,
19.0,16,21.9375,8.3125,
20.0,16,21.9375,8.3125,
21.0,17,22.58823529411765,8.352941176470589,
22.0,17,22.58823529411765,8.352941176470589,
23.0,18,24.22222222222222,8.11111111111111,
24.0,18,24.22222222222222,8.11111111111111,
25.0,20,24.15,8.35,
26.0,22,24.09090909090909,8.545454545454545,
27.0,26,24.115384615384617,8.73076923076923,
28.0,26,24.115384615384617,8.73076923076923,
29.0,30,23.833333333333332,8.766666666666667,
30.0,32,23.96875,8.78125,
31.0,36,23.86111111111111,8.805555555555555,
32.0,38,23.473684210526315,8.736842105263158,
33.0,41,23.926829268292682,8.560975609756097,
34.0,44,23.977272727272727,8.590909090909092,
35.0,45,24.622222222222224,8.577777777777778,
36.0,51,24.607843137254903,8.686274509803921,
37.0,55,25.181818181818183,8.654545454545454,
38.0,58,25.396551724137932,8.53448275862069,
39.0,68,25.470588235294116,8.514705882352942,
40.0,71,25.492957746478872,8.535211267605634,
41.0,81,25.37037037037037,8.45679012345679,
42.0,90,25.155555555555555,8.422222222222222,
43.0,93,25.258064516129032,8.387096774193548,
44.0,99,25.21212121212121,8.454545454545455,
45.0,108,25.287037037037038,8.481481481481481,
46.0,122,25.360655737704917,8.450819672131148,
47.0,132,26.545454545454547,8.492424242424242,
48.0,150,25.96,8.52,
49.0,166,25.903614457831324,8.451807228915662,
50.0,182,25.791208791208792,8.472527472527473,
51.0,196,25.831632653061224,8.479591836734693,
52.0,214,25.929906542056074,8.47196261682243,
53.0,238,26.058823529411764,8.550420168067227,
54.0,259,26.054054054054053,8.517374517374517,
55.0,286,26.157342657342657,8.51048951048951,
56.0,299,26.217391304347824,8.518394648829432,
57.0,337,26.255192878338278,8.560830860534125,
58.0,371,26.161725067385444,8.539083557951482,
