Step,TotalNumber,Age,Education,Province
1,431,27.45939675174014,0.6102088167053364,
2,431,27.45939675174014,0.6102088167053364,
3,431,27.45939675174014,0.6102088167053364,
4,431,27.45939675174014,0.6102088167053364,
5,431,27.45939675174014,0.6102088167053364,
6,431,27.45939675174014,0.6102088167053364,
7,431,27.45939675174014,0.6102088167053364,
8,431,27.45939675174014,0.6102088167053364,
9,443,27.431151241534987,0.6094808126410836,
10,511,27.54207436399217,0.6066536203522505,
11,590,27.7864406779661,0.5983050847457627,
12,701,28.18687589158345,0.6005706134094151,
13,798,28.98997493734336,0.5902255639097744,
14,951,28.895899053627762,0.5909568874868559,
15,1121,28.852809991079393,0.5878679750223015,
16,1306,29.072741194486984,0.5865237366003063,
17,1475,29.151864406779662,0.5776271186440678,
18,1684,29.161520190023754,0.5760095011876485,
19,1878,29.177848775292865,0.5750798722044729,
20,2122,29.19698397737983,0.5716305372290292,
21,2381,29.18857622847543,0.5745485090298194,
22,2665,29.2093808630394,0.5808630393996248,
23,2967,29.209302325581394,0.5820694304010785,
24,3263,29.24272142200429,0.5847379711921544,
25,3507,29.812660393498717,0.5788423153692615,
26,3978,29.338109602815486,0.5769230769230769,
27,4334,29.36317489616982,0.5772958006460545,
28,4673,29.392895356302162,0.5760753263428204,
29,5046,29.416567578279825,0.5788743559254855,
30,5459,29.383403553764424,0.5801428833119618,
31,5878,29.41527730520585,0.5774072813882273,
32,6326,29.427126146063863,0.576983876067025,
33,6797,29.396351331469766,0.5768721494777107,
34,7283,29.425374159000413,0.5780584923795139,
35,7757,29.467448755962355,0.5792187701430965,
36,8283,29.481709525534228,0.5790172642762285,
37,8546,30.052188158202668,0.5762930025743037,
38,9325,29.64278820375335,0.5729758713136729,
39,9872,29.667848460291733,0.5724270664505673,
40,10425,29.676163069544366,0.572757793764988,
41,11019,29.665305381613578,0.574280787730284,
42,11627,29.67575470886729,0.5742667928098392,
43,12235,29.68442991418063,0.5736820596648958,
44,12860,29.70746500777605,0.5737947122861586,
45,13488,29.69105871886121,0.5744365361803084,
46,14141,29.690333074040026,0.5752068453433279,
47,14799,29.687005878775594,0.5744307047773498,
48,15567,29.69294019400013,0.5733281942570823,
49,15764,30.27397868561279,0.5714920071047958,
50,16884,29.93384269130538,0.5710732054015636,
51,17588,29.92284512167387,0.5711848987946327,
52,18335,29.91873466048541,0.5726206708481048,
53,19156,29.921956567133012,0.5716746711213196,
54,19940,29.906970912738213,0.571765295887663,
55,20748,29.900038557933296,0.5732600732600732,
56,21612,29.88811771238201,0.5720895798630391,
57,22530,29.882911673324458,0.5718597425654682,
58,23389,29.868399675060925,0.5716362392577707,
59,24256,29.885430408970976,0.5718585092348285,
60,25151,29.871734722277445,0.5715876108305833,
